0, 6.85590057e+03
1, 7.21043014e+03
2, 6.64627053e+03
3, 9.22157934e+03
4, 7.86565451e+03
5, 4.16457692e+04
6, 6.26685365e+03
7, 6.98573731e+03
8, 7.83026193e+03
9, 6.67399774e+03
10, 9.32186921e+03
11, 7.19718243e+03
12, 1.25142286e+04
13, 9.55524668e+03
14, 6.85590057e+03
15, 6.85590057e+03
16, 7.05812406e+03
17, 1.31682752e+05
18, 1.39166328e+05
19, 1.12210406e+05
20, 1.14013792e+05
21, 3.15433971e+04
22, 1.44647418e+05
23, 1.36379961e+05
24, 1.29998680e+05
25, 1.40578331e+05
26, 1.15333904e+05
27, 1.31223408e+05
28, 1.12346871e+05
29, 9.39557717e+04
30, 1.34566674e+05
31, 1.34566674e+05
32, 1.35095088e+05
33, 1.34566674e+05
34, 6.99937984e+03
35, 6.44830753e+03
36, 6.54234283e+03
37, 7.78317300e+03
38, 7.52991540e+03
39, 4.63959883e+04
40, 6.17002947e+03
41, 7.10937193e+03
42, 8.60352039e+03
43, 6.99831234e+03
44, 6.89318709e+03
45, 7.12764485e+03
46, 6.04069907e+03
47, 8.36788534e+03
48, 6.99937984e+03
49, 6.99937984e+03
50, 7.42837880e+03
51, 4.06787540e+04
52, 4.01877889e+04
53, 4.94535005e+04
54, 4.39989122e+04
55, 8.57900987e+03
56, 3.92694113e+04
57, 4.17054492e+04
58, 4.49500879e+04
59, 4.04406694e+04
60, 3.99579764e+04
61, 4.28431381e+04
62, 3.85418685e+04
63, 4.58458492e+04
64, 4.17054492e+04
65, 4.17054492e+04
66, 4.23170841e+04
67, 4.17054492e+04
68, 4.32401748e+04
69, 4.25247768e+04
70, 4.52337677e+04
71, 3.33538453e+04
72, 5.15384188e+04
73, 3.57395159e+05
74, 4.47422496e+04
75, 4.35345456e+04
76, 3.85544446e+04
77, 3.05794930e+04
78, 3.65453944e+04
79, 6.24749910e+04
80, 3.95989139e+04
81, 6.46763034e+04
82, 4.39867494e+04
83, 4.39867494e+04
84, 4.19147762e+04
85, 5.73470952e+05
86, 5.59815043e+05
87, 5.62130451e+05
88, 4.40902732e+05
89, 4.66587345e+04
90, 5.61979525e+05
91, 5.64369739e+05
92, 5.96303550e+05
93, 5.71284166e+05
94, 5.82923083e+05
95, 5.24426823e+05
96, 5.76203566e+05
97, 3.82557570e+05
98, 5.66651714e+05
99, 5.66651714e+05
100, 5.66733364e+05
101, 5.66651714e+05
102, 6.61770938e+04
103, 6.49605532e+04
104, 6.43990498e+04
105, 5.75381840e+04
106, 6.33411120e+04
107, 4.25538836e+04
108, 6.41932296e+04
109, 6.59045686e+04
110, 6.30912912e+04
111, 5.71462179e+04
112, 6.19702446e+04
113, 7.89868229e+04
114, 5.36245707e+04
115, 6.10872940e+04
116, 6.61770938e+04
117, 6.61770938e+04
118, 6.64062526e+04
119, 1.98848940e+04
120, 2.00702367e+04
121, 2.50800663e+04
122, 2.08688623e+04
123, 3.61626348e+04
124, 1.95445661e+04
125, 1.90214386e+04
126, 1.99596605e+04
127, 2.48637371e+04
128, 2.17921956e+04
129, 1.37544538e+04
130, 2.46318789e+04
131, 2.22761462e+04
132, 1.93434895e+04
133, 1.93434895e+04
134, 1.91245607e+04
135, 1.93434895e+04
136, 2.92461433e+04
137, 2.84018977e+04
138, 3.02709091e+04
139, 2.99355321e+04
140, 1.78568973e+04
141, 8.96465049e+03
142, 3.02356987e+04
143, 2.93348467e+04
144, 3.03025627e+04
145, 3.04747560e+04
146, 3.52110060e+04
147, 2.03181463e+04
148, 2.73995272e+04
149, 2.49136517e+04
150, 2.94658643e+04
151, 2.92461433e+04
152, 2.77444322e+04
153, 4.93650035e+04
154, 5.45528805e+04
155, 5.18204495e+04
156, 1.43163091e+04
157, 1.19081000e+04
158, 5.31330125e+04
159, 5.25602669e+04
160, 5.77434297e+04
161, 5.32139490e+04
162, 6.16939421e+04
163, 3.53935777e+04
164, 4.75043774e+04
165, 3.23626074e+04
166, 5.25602669e+04
167, 5.11372624e+04
168, 4.82652030e+04
169, 5.11372624e+04
170, 9.19014411e+03
171, 8.95651610e+03
172, 1.11565845e+04
173, 9.00425415e+03
174, 1.54524245e+04
175, 2.59800528e+04
176, 8.90735016e+03
177, 9.36754167e+03
178, 8.53366920e+03
179, 8.65959953e+03
180, 1.01117920e+04
181, 6.62301387e+03
182, 1.04738522e+04
183, 1.35820317e+04
184, 9.19014411e+03
185, 9.19014411e+03
186, 8.49500044e+03
187, 5.69452321e+04
188, 6.42172326e+04
189, 5.77615201e+04
190, 2.72160182e+04
191, 1.57621000e+04
192, 5.81516077e+04
193, 5.85670723e+04
194, 5.57430708e+04
195, 5.70035287e+04
196, 6.27257884e+04
197, 4.74262734e+04
198, 6.20914570e+04
199, 6.30200803e+04
200, 5.84493975e+04
201, 5.86118956e+04
202, 5.72605081e+04
203, 5.86118956e+04
204, 9.24419037e+04
205, 9.02177662e+04
206, 8.51088260e+04
207, 1.13053890e+05
208, 8.24087901e+05
209, 8.70122010e+04
210, 1.00248226e+05
211, 9.29123792e+04
212, 1.00694873e+05
213, 1.12882638e+05
214, 9.88086952e+04
215, 9.52245707e+04
216, 8.67425945e+04
217, 1.70842969e+04
218, 9.24419037e+04
219, 9.23951297e+04
220, 9.67858850e+04
221, 5.42910965e+05
222, 5.61340158e+05
223, 5.38472017e+05
224, 3.59576425e+04
225, 5.98447369e+05
226, 5.23658443e+05
227, 5.32341200e+05
228, 5.16776826e+05
229, 5.32006310e+05
230, 5.29696697e+05
231, 5.31932446e+05
232, 5.43983357e+05
233, 8.24518591e+05
234, 5.36275511e+05
235, 5.36275511e+05
236, 5.31707081e+05
237, 5.36275511e+05
238, 6.43550822e+03
239, 6.24741173e+03
240, 6.11632194e+03
241, 6.64340972e+03
242, 7.86719201e+03
243, 6.45593522e+03
244, 6.56107198e+03
245, 6.44264960e+03
246, 7.06581710e+03
247, 7.17073645e+03
248, 6.91848087e+03
249, 6.29345969e+03
250, 6.58815983e+03
251, 1.15687317e+04
252, 6.24137937e+03
253, 6.30553256e+03
254, 6.21360413e+03
255, 3.76844097e+04
256, 3.79818870e+04
257, 2.89561253e+04
258, 2.78681014e+04
259, 3.57957863e+04
260, 3.84476267e+04
261, 3.65484049e+04
262, 3.53846736e+04
263, 2.64647183e+04
264, 3.05517904e+04
265, 3.74799397e+04
266, 3.26661251e+04
267, 1.99006635e+04
268, 3.64688642e+04
269, 3.52690191e+04
270, 3.52387516e+04
271, 3.64688642e+04
272, 6.07329126e+03
273, 6.18059851e+03
274, 6.14770563e+03
275, 1.03378023e+04
276, 3.73958913e+04
277, 3.71540138e+04
278, 7.10344428e+03
279, 5.99820140e+03
280, 5.97861970e+03
281, 5.74138263e+03
282, 6.73303705e+03
283, 6.24676032e+03
284, 5.89086322e+03
285, 5.36997532e+03
286, 5.86604214e+03
287, 5.95442437e+03
288, 6.21595852e+03
289, 1.51710998e+04
290, 1.47298613e+04
291, 2.15116272e+04
292, 2.81843401e+04
293, 3.91877732e+04
294, 1.69716945e+04
295, 1.42686510e+04
296, 1.40673873e+04
297, 1.06786720e+04
298, 1.66577291e+04
299, 1.48451839e+04
300, 1.34034565e+04
301, 1.15874394e+04
302, 1.47363876e+04
303, 1.47079150e+04
304, 1.42562396e+04
305, 1.42562396e+04
306, 1.38151120e+04
307, 1.40033429e+04
308, 1.36399009e+04
309, 1.65143298e+04
310, 2.92895686e+04
311, 1.35839750e+04
312, 1.52152976e+04
313, 1.35632605e+04
314, 1.36823882e+04
315, 1.77126619e+04
316, 1.70558949e+04
317, 1.35127466e+04
318, 1.43834009e+04
319, 1.68151933e+04
320, 1.36417970e+04
321, 1.36322677e+04
322, 1.38151120e+04
323, 2.09358196e+04
324, 1.94301666e+04
325, 2.24001360e+04
326, 3.68705929e+05
327, 1.43897741e+04
328, 2.30037700e+04
329, 1.98233467e+04
330, 2.05926412e+04
331, 2.52004795e+04
332, 2.39124178e+04
333, 1.87518252e+04
334, 2.12399098e+04
335, 1.67445590e+04
336, 2.02530459e+04
337, 2.02530459e+04
338, 2.02530459e+04
339, 1.97712825e+04
340, 1.17563921e+04
341, 1.15783234e+04
342, 1.22123525e+04
343, 1.41890109e+04
344, 1.33582691e+04
345, 1.43746546e+04
346, 1.07443029e+04
347, 1.20091183e+04
348, 1.02530168e+04
349, 9.45672082e+03
350, 1.33882219e+04
351, 1.49644704e+04
352, 1.15617975e+04
353, 2.61278826e+04
354, 1.18031661e+04
355, 1.17563921e+04
356, 1.17563921e+04
357, 2.51711363e+04
358, 2.63857251e+04
359, 2.25310423e+04
360, 4.50267891e+04
361, 2.08330534e+04
362, 2.45240028e+04
363, 2.64312515e+04
364, 2.51750095e+04
365, 3.52874114e+04
366, 2.17387393e+04
367, 1.87608737e+04
368, 2.54062863e+04
369, 7.03979085e+03
370, 2.61965101e+04
371, 2.61010132e+04
372, 2.61965101e+04
373, 2.61010132e+04
374, 5.26488878e+04
375, 5.34699240e+04
376, 5.32297717e+04
377, 4.45212005e+04
378, 7.10711165e+03
379, 2.86628000e+04
380, 5.65335741e+04
381, 5.29478404e+04
382, 5.52227049e+04
383, 4.07711773e+04
384, 5.75246397e+04
385, 7.41785865e+04
386, 5.06727167e+04
387, 4.05712782e+05
388, 5.27512029e+04
389, 5.26488878e+04
390, 5.27512029e+04
391, 1.83003659e+04
392, 1.88995926e+04
393, 2.29159948e+04
394, 3.53149657e+05
395, 3.41650389e+04
396, 1.54398705e+04
397, 1.98571784e+04
398, 1.66491499e+04
399, 2.56431231e+04
400, 1.70097893e+04
401, 1.21040739e+04
402, 2.16258015e+04
403, 6.38290089e+03
404, 1.97146439e+04
405, 1.97146439e+04
406, 1.97942473e+04
407, 1.97146439e+04
408, 8.24154527e+05
409, 8.24221247e+05
410, 8.23914724e+05
411, 8.24254574e+05
412, 8.24129234e+05
413, 6.61386013e+03
414, 8.25432999e+05
415, 8.24211342e+05
416, 8.24429054e+05
417, 8.24154527e+05
418, 8.24045479e+05
419, 8.24038321e+05
420, 8.25226758e+05
421, 1.34339917e+05
422, 8.24154527e+05
423, 8.24154527e+05
424, 8.24092652e+05
425, 2.45853065e+04
426, 2.41394255e+04
427, 1.82661108e+04
428, 3.05761088e+04
429, 3.11182754e+05
430, 2.65308437e+04
431, 2.41276509e+04
432, 2.43685849e+04
433, 2.88145628e+04
434, 2.03023492e+04
435, 1.82489587e+04
436, 2.62716994e+04
437, 9.14540490e+03
438, 2.43213782e+04
439, 2.43213782e+04
440, 2.35837252e+04
441, 2.43213782e+04
442, 2.07106827e+04
443, 2.14460511e+04
444, 2.02317019e+04
445, 1.63903742e+04
446, 1.51444915e+04
447, 1.08156399e+04
448, 2.25589457e+04
449, 2.05024227e+04
450, 2.05806448e+04
451, 1.69315074e+04
452, 1.83878449e+04
453, 1.42032584e+04
454, 2.58712371e+04
455, 9.23196621e+03
456, 2.07106827e+04
457, 2.05085782e+04
458, 2.05357005e+04
459, 3.68430429e+04
460, 3.37229619e+04
461, 2.62274283e+04
462, 1.81941567e+04
463, 1.02708598e+04
464, 4.00226985e+04
465, 3.58565006e+04
466, 3.41560898e+04
467, 2.72531953e+04
468, 3.14299057e+04
469, 2.28029809e+04
470, 4.64767801e+04
471, 7.87116909e+03
472, 3.48416550e+04
473, 3.48240401e+04
474, 3.27125682e+04
475, 3.48416550e+04
476, 7.97917796e+03
477, 7.91490059e+03
478, 8.15101277e+03
479, 7.81137153e+03
480, 7.40569266e+03
481, 2.48833605e+04
482, 7.63635877e+03
483, 7.92649450e+03
484, 9.50597486e+03
485, 6.32629331e+03
486, 1.04481060e+04
487, 8.15602615e+03
488, 7.03221091e+03
489, 1.19352395e+04
490, 7.74617562e+03
491, 7.97917796e+03
492, 6.85970907e+03
493, 1.49700979e+04
494, 1.37998854e+04
495, 1.57198004e+04
496, 8.84045041e+03
497, 2.88580884e+04
498, 1.41262766e+04
499, 1.61433004e+04
500, 1.88500901e+04
501, 1.09157487e+04
502, 2.17646414e+04
503, 1.64059071e+04
504, 1.52599190e+04
505, 5.89609088e+03
506, 1.61615749e+04
507, 1.60583329e+04
508, 1.50804738e+04
509, 1.60583329e+04
510, 5.90047695e+03
511, 5.73184286e+03
512, 5.65898479e+03
513, 5.90047695e+03
514, 1.13196745e+04
515, 1.16812375e+04
516, 6.06606284e+03
517, 5.80471810e+03
518, 6.11579474e+03
519, 5.85322347e+03
520, 5.95871468e+03
521, 5.80773174e+03
522, 7.07467252e+03
523, 1.61213747e+04
524, 5.90047695e+03
525, 5.90047695e+03
526, 5.65802208e+03
527, 3.69335361e+04
528, 3.53316504e+04
529, 3.90607086e+04
530, 1.16616208e+05
531, 1.45575230e+04
532, 3.19103980e+04
533, 3.76379024e+04
534, 4.28322058e+04
535, 3.19366896e+04
536, 3.98289822e+04
537, 3.69149985e+04
538, 2.47995953e+04
539, 1.20560788e+04
540, 3.84950644e+04
541, 3.84950644e+04
542, 3.69478890e+04
543, 3.84950644e+04
544, 4.55911739e+04
545, 4.45895276e+04
546, 4.84694109e+04
547, 5.75447723e+04
548, 2.02349432e+04
549, 3.07772909e+04
550, 4.32435624e+04
551, 4.55911739e+04
552, 4.41869207e+04
553, 3.09721980e+04
554, 3.96752459e+04
555, 4.79931382e+04
556, 4.62496444e+04
557, 3.37030036e+04
558, 4.62496444e+04
559, 4.50549920e+04
560, 4.64827060e+04
561, 6.22073032e+03
562, 6.79459790e+03
563, 1.01346895e+04
564, 1.55644950e+04
565, 8.43404725e+03
566, 6.82608149e+03
567, 6.29529352e+03
568, 5.82639267e+03
569, 7.72157187e+03
570, 5.89762117e+03
571, 6.48161039e+03
572, 6.48824326e+03
573, 7.41438636e+03
574, 6.57114849e+03
575, 6.29529352e+03
576, 6.57114849e+03
577, 6.29529352e+03
578, 4.86851244e+04
579, 4.91695754e+04
580, 5.30899067e+04
581, 5.44814463e+04
582, 1.24286450e+04
583, 3.04179062e+05
584, 5.12327221e+04
585, 4.73927990e+04
586, 5.01973560e+04
587, 4.50883536e+04
588, 4.32707150e+04
589, 4.55708004e+04
590, 4.66936250e+04
591, 6.27330375e+03
592, 4.86783672e+04
593, 4.86783672e+04
594, 4.64987168e+04
595, 7.21726006e+03
596, 6.57652796e+03
597, 8.56617389e+03
598, 1.19549912e+04
599, 1.28401720e+04
600, 6.58338592e+03
601, 7.32135021e+03
602, 6.86416992e+03
603, 7.14551257e+03
604, 7.59380126e+03
605, 7.38519202e+03
606, 7.72704521e+03
607, 5.37807623e+04
608, 7.50504820e+03
609, 7.50504820e+03
610, 7.55694631e+03
611, 7.50504820e+03
612, 1.32084539e+04
613, 1.29088328e+04
614, 1.18538069e+04
615, 1.48429861e+04
616, 1.19187677e+05
617, 1.01629285e+04
618, 1.20801710e+04
619, 1.31979330e+04
620, 1.86132938e+04
621, 1.20981688e+04
622, 9.67581083e+03
623, 1.83118493e+04
624, 1.28198094e+04
625, 3.12930239e+04
626, 1.31669007e+04
627, 1.34975541e+04
628, 1.28198094e+04
629, 3.96219103e+04
630, 4.14403987e+04
631, 3.53350539e+04
632, 7.63249201e+03
633, 3.89271870e+05
634, 4.03820215e+04
635, 3.96743171e+04
636, 3.55571197e+04
637, 4.32370836e+04
638, 5.13173635e+04
639, 2.87476637e+04
640, 3.93815688e+04
641, 1.51988495e+04
642, 3.91650863e+04
643, 3.91650863e+04
644, 4.07463082e+04
645, 3.91650863e+04
646, 6.09105736e+03
647, 6.00497728e+03
648, 7.12875783e+03
649, 6.22518220e+03
650, 9.07318860e+03
651, 8.23730776e+05
652, 6.10713335e+03
653, 6.14888401e+03
654, 5.71830439e+03
655, 6.03805089e+03
656, 6.09105736e+03
657, 6.68020880e+03
658, 6.04833456e+03
659, 2.08466443e+04
660, 6.09105736e+03
661, 6.17832688e+03
662, 6.08458690e+03
663, 8.06852320e+03
664, 7.15545610e+03
665, 7.48114349e+03
666, 3.87645463e+04
667, 4.60896518e+04
668, 8.45426268e+03
669, 7.93374639e+03
670, 8.94233946e+03
671, 8.41133625e+03
672, 7.86669527e+03
673, 1.37219573e+04
674, 8.11568608e+03
675, 3.98641109e+05
676, 7.86669527e+03
677, 7.86669527e+03
678, 8.03071857e+03
679, 7.86669527e+03
680, 7.84077326e+03
681, 7.99704092e+03
682, 8.19319253e+03
683, 6.86172193e+03
684, 1.63608819e+04
685, 2.89172063e+04
686, 7.70439386e+03
687, 7.93538683e+03
688, 7.99704092e+03
689, 1.44770802e+04
690, 9.20915191e+03
691, 5.41607411e+03
692, 7.10912957e+03
693, 4.52732445e+04
694, 7.75786803e+03
695, 7.84077326e+03
696, 7.28993025e+03
697, 1.03107160e+04
698, 1.01164663e+04
699, 1.37640679e+04
700, 6.02684998e+03
701, 1.26596472e+04
702, 1.05878821e+04
703, 1.00473618e+04
704, 1.01540798e+04
705, 7.38041944e+03
706, 8.88781772e+03
707, 1.82523634e+04
708, 1.16715577e+04
709, 3.92934514e+04
710, 1.03537484e+04
711, 1.03537484e+04
712, 1.08833515e+04
713, 1.03537484e+04
714, 1.40040372e+05
715, 1.39201719e+05
716, 1.39105860e+05
717, 1.15755804e+05
718, 3.83217109e+04
719, 1.47924392e+04
720, 1.41120809e+05
721, 1.41140874e+05
722, 1.39160363e+05
723, 1.46752587e+05
724, 1.56717933e+05
725, 1.18251965e+05
726, 1.14807440e+05
727, 5.99649208e+04
728, 1.40040372e+05
729, 1.40040372e+05
730, 1.35589096e+05
731, 1.49712745e+04
732, 1.48134317e+04
733, 1.12295660e+04
734, 7.01132583e+03
735, 7.27449890e+03
736, 1.55187558e+04
737, 1.51039274e+04
738, 1.51463514e+04
739, 1.65950571e+04
740, 1.82521666e+04
741, 1.17247968e+04
742, 1.19794117e+04
743, 9.35177942e+03
744, 1.51564364e+04
745, 1.52324504e+04
746, 1.38371192e+04
747, 1.52324504e+04
748, 2.14985047e+04
749, 2.27073544e+04
750, 2.03046462e+04
751, 2.13126148e+04
752, 3.74414450e+04
753, 1.35490495e+04
754, 1.76355331e+04
755, 2.11680518e+04
756, 1.61989438e+04
757, 2.25772848e+04
758, 2.55098543e+04
759, 2.44852795e+04
760, 1.88357684e+04
761, 5.73068204e+04
762, 2.17679639e+04
763, 2.15186864e+04
764, 2.35366189e+04
765, 1.00396395e+04
766, 1.08243921e+04
767, 1.03463561e+04
768, 6.85712219e+03
769, 1.15006012e+05
770, 1.28586675e+04
771, 1.05107755e+04
772, 1.42492923e+04
773, 9.90987615e+03
774, 8.71095719e+03
775, 9.02911999e+03
776, 1.24767471e+04
777, 6.52509593e+03
778, 1.02593848e+04
779, 1.02471987e+04
780, 9.60034581e+03
781, 1.02776689e+04
782, 2.13192515e+04
783, 2.08668536e+04
784, 2.23097648e+04
785, 2.17120346e+04
786, 1.61236854e+04
787, 5.74801608e+04
788, 2.43837642e+04
789, 2.11517107e+04
790, 1.93057376e+04
791, 2.01951529e+04
792, 2.50354418e+04
793, 1.87906375e+04
794, 1.56105103e+04
795, 5.09244587e+04
796, 2.14202058e+04
797, 2.14202058e+04
798, 2.16856308e+04
799, 8.43834348e+03
800, 8.68327676e+03
801, 8.76735848e+03
802, 6.17117268e+03
803, 3.52405346e+04
804, 1.00248180e+04
805, 8.95989159e+03
806, 8.74344729e+03
807, 8.00571510e+03
808, 1.04746289e+04
809, 7.63105325e+03
810, 6.78525199e+03
811, 1.63094806e+05
812, 9.03471952e+03
813, 8.95951617e+03
814, 8.91063205e+03
815, 8.56338498e+03
816, 8.72940700e+03
817, 9.47955824e+03
818, 8.95029531e+03
819, 8.38046459e+03
820, 1.14644087e+04
821, 9.73604335e+03
822, 8.85358401e+03
823, 9.01303252e+03
824, 8.90559783e+03
825, 9.28387436e+03
826, 9.60289362e+03
827, 8.56831638e+03
828, 8.72892020e+03
829, 1.09049218e+04
830, 8.88361571e+03
831, 8.93038973e+03
832, 8.93038973e+03
833, 6.39260756e+03
834, 6.48514925e+03
835, 7.07590247e+03
836, 6.71121589e+03
837, 6.50605690e+03
838, 9.17433676e+03
839, 6.61815571e+03
840, 6.79729638e+03
841, 6.37384723e+03
842, 6.61063162e+03
843, 6.82655266e+03
844, 6.78326165e+03
845, 1.50941962e+04
846, 6.92957212e+03
847, 6.92957212e+03
848, 6.92957212e+03
849, 6.68418690e+03
850, 9.43308310e+03
851, 9.78295107e+03
852, 9.07332459e+03
853, 9.66674406e+03
854, 7.92992060e+03
855, 9.36191157e+03
856, 7.96875730e+03
857, 9.54642158e+03
858, 1.03243937e+04
859, 9.26233802e+03
860, 9.17804880e+03
861, 9.52575867e+03
862, 9.33570609e+03
863, 1.78035333e+04
864, 9.62614368e+03
865, 9.43308310e+03
866, 9.62614368e+03
867, 2.62727196e+04
868, 2.71187143e+04
869, 1.69893730e+04
870, 2.28454668e+04
871, 2.44174546e+04
872, 2.90966836e+04
873, 2.63371888e+04
874, 2.64829632e+04
875, 2.48673693e+04
876, 3.13189261e+04
877, 2.78383571e+04
878, 2.57031626e+04
879, 9.72078608e+03
880, 2.64797233e+04
881, 2.64797233e+04
882, 2.64494754e+04
883, 2.64797233e+04
884, 3.38714059e+04
885, 3.52957134e+04
886, 3.52957134e+04
887, 3.29202535e+04
888, 3.92347353e+04
889, 7.29386007e+03
890, 3.03752624e+04
891, 3.38714059e+04
892, 3.57933917e+04
893, 3.58635141e+04
894, 2.95790176e+04
895, 4.35892379e+04
896, 3.56119995e+04
897, 7.27297108e+03
898, 3.40426859e+04
899, 3.38714059e+04
900, 3.51391894e+04
901, 2.88478784e+04
902, 2.94002174e+04
903, 2.57005882e+04
904, 5.14897577e+04
905, 1.24556708e+04
906, 2.32681094e+04
907, 2.66712063e+04
908, 3.12262264e+04
909, 2.94270180e+04
910, 2.32646904e+04
911, 3.86789199e+04
912, 2.89929472e+04
913, 1.25073536e+04
914, 2.77638685e+04
915, 2.75365011e+04
916, 2.85596754e+04
917, 2.75080285e+04
918, 1.19003228e+05
919, 1.20689197e+05
920, 1.15947558e+05
921, 1.23049521e+05
922, 6.37265902e+04
923, 7.69062843e+03
924, 1.15338198e+05
925, 1.18449618e+05
926, 1.27205976e+05
927, 1.87911560e+05
928, 1.10102162e+05
929, 1.64891985e+05
930, 1.16864484e+05
931, 7.31030633e+04
932, 1.19003228e+05
933, 1.19124055e+05
934, 1.17826235e+05
935, 7.45968100e+03
936, 6.64924995e+03
937, 6.94693320e+03
938, 7.38022131e+03
939, 8.95941276e+04
940, 6.92477267e+03
941, 6.65394243e+03
942, 8.19362312e+03
943, 9.37747623e+03
944, 7.04207654e+03
945, 9.22254126e+03
946, 7.08189823e+03
947, 7.20172310e+03
948, 7.04270646e+03
949, 7.04270646e+03
950, 7.07133175e+03
951, 7.04270646e+03
952, 7.21843091e+04
953, 7.37598377e+04
954, 6.24049674e+04
955, 6.20755173e+04
956, 4.52855465e+04
957, 1.29644640e+04
958, 6.18481868e+04
959, 7.18750508e+04
960, 7.29829059e+04
961, 7.82874186e+04
962, 8.75303707e+04
963, 5.36782307e+04
964, 7.02195923e+04
965, 3.63594553e+05
966, 7.11232281e+04
967, 7.12315822e+04
968, 6.82583836e+04
969, 1.20392170e+04
970, 1.56589801e+04
971, 1.73201785e+04
972, 2.27613666e+04
973, 1.19986254e+05
974, 1.65683218e+04
975, 1.24593414e+04
976, 1.21271386e+04
977, 1.11966020e+04
978, 9.35843618e+03
979, 1.92155489e+04
980, 1.26575108e+04
981, 5.76561859e+03
982, 1.28019174e+04
983, 1.26756316e+04
984, 1.37889844e+04
985, 1.25064315e+04
986, 2.19041757e+04
987, 2.28971352e+04
988, 2.10477102e+04
989, 1.62518969e+04
990, 1.16833297e+04
991, 4.81735742e+04
992, 2.07351024e+04
993, 2.21921813e+04
994, 2.16430051e+04
995, 2.04816988e+04
996, 2.39122033e+04
997, 1.43014884e+04
998, 1.60482392e+04
999, 5.09042125e+04
1000, 2.17560911e+04
1001, 2.19111224e+04
1002, 2.12212353e+04
1003, 1.22052264e+04
1004, 1.31879714e+04
1005, 1.72598129e+04
1006, 3.71976445e+04
1007, 8.36848138e+03
1008, 1.31837698e+04
1009, 1.24812036e+04
1010, 1.29251343e+04
1011, 1.37227448e+04
1012, 1.17308603e+04
1013, 1.90721893e+04
1014, 1.70974912e+04
1015, 8.90553122e+03
1016, 1.29336534e+04
1017, 1.28574007e+04
1018, 1.24785383e+04
1019, 1.27760514e+04
1020, 1.55474193e+04
1021, 1.58951878e+04
1022, 1.68343172e+04
1023, 1.49388671e+04
1024, 4.09324893e+04
1025, 3.42250000e+05
1026, 1.34212799e+04
1027, 1.60554962e+04
1028, 1.50541473e+04
1029, 1.45318218e+04
1030, 2.01457614e+04
1031, 1.49613227e+04
1032, 1.33001222e+04
1033, 6.08651377e+03
1034, 1.56719775e+04
1035, 1.56249739e+04
1036, 1.57099414e+04
1037, 8.95109277e+04
1038, 9.32806843e+04
1039, 8.46887495e+04
1040, 8.25756125e+05
1041, 1.98349873e+04
1042, 7.62860308e+04
1043, 8.90402998e+04
1044, 8.06380918e+04
1045, 8.37704765e+04
1046, 1.03574717e+05
1047, 8.58233039e+04
1048, 7.88506134e+04
1049, 1.86638223e+04
1050, 8.85044513e+04
1051, 8.86543674e+04
1052, 9.06181142e+04
1053, 8.84522592e+04
1054, 5.28760516e+04
1055, 5.73105490e+04
1056, 6.10741783e+04
1057, 5.44254067e+04
1058, 3.52731796e+05
1059, 8.11485100e+03
1060, 5.07771081e+04
1061, 5.36461348e+04
1062, 4.91665149e+04
1063, 3.48013891e+04
1064, 5.70092124e+04
1065, 5.48901414e+04
1066, 4.22072541e+04
1067, 7.40509246e+03
1068, 5.36461348e+04
1069, 5.29390796e+04
1070, 5.73407349e+04
1071, 1.09155666e+04
1072, 1.11138981e+04
1073, 1.15749216e+04
1074, 2.14330110e+04
1075, 1.27197313e+04
1076, 1.13316163e+04
1077, 1.09178405e+04
1078, 1.19883950e+04
1079, 6.10044778e+03
1080, 1.15985294e+04
1081, 1.12937673e+04
1082, 1.14403803e+04
1083, 1.73218066e+04
1084, 1.09808686e+04
1085, 1.10549576e+04
1086, 1.21826982e+04
1087, 1.09880100e+04
1088, 1.82972298e+04
1089, 1.83701711e+04
1090, 2.01148636e+04
1091, 1.86809711e+04
1092, 1.88742767e+04
1093, 2.07769538e+04
1094, 1.79206701e+04
1095, 1.81340101e+04
1096, 1.83396511e+04
1097, 2.40002803e+04
1098, 2.33673473e+04
1099, 1.73726103e+04
1100, 1.80720185e+04
1101, 3.51193841e+04
1102, 1.79570214e+04
1103, 1.79570214e+04
1104, 1.80040014e+04
1105, 1.39882063e+04
1106, 1.39444681e+04
1107, 1.37246179e+04
1108, 1.35855724e+04
1109, 5.66744741e+04
1110, 1.42600929e+04
1111, 1.43202145e+04
1112, 1.41156284e+04
1113, 1.05539440e+04
1114, 1.11246610e+04
1115, 1.48340535e+04
1116, 1.39572338e+04
1117, 9.21008871e+03
1118, 1.40360250e+04
1119, 1.40360250e+04
1120, 1.40360250e+04
1121, 1.40360250e+04
1122, 1.19817142e+04
1123, 1.23005258e+04
1124, 1.13083854e+04
1125, 7.82032475e+03
1126, 1.27616559e+04
1127, 4.95074798e+04
1128, 1.15322784e+04
1129, 1.21510781e+04
1130, 1.22829108e+04
1131, 8.62106373e+03
1132, 1.15317334e+04
1133, 1.15493483e+04
1134, 1.28566180e+04
1135, 6.41293643e+03
1136, 1.18956532e+04
1137, 1.18956532e+04
1138, 1.19640993e+04
1139, 1.25807992e+04
1140, 1.42383374e+04
1141, 1.99080217e+04
1142, 1.25450337e+04
1143, 1.83994284e+04
1144, 1.38162307e+04
1145, 1.25807992e+04
1146, 1.26546633e+04
1147, 1.71999000e+04
1148, 1.37301636e+04
1149, 1.37301636e+04
1150, 1.25208818e+04
1151, 2.53907173e+04
1152, 1.30316821e+04
1153, 1.30316821e+04
1154, 1.30316821e+04
1155, 1.30316821e+04
1156, 2.72368806e+05
1157, 2.71351260e+05
1158, 2.69401247e+05
1159, 2.62759261e+05
1160, 2.30284801e+05
1161, 4.85660757e+05
1162, 2.73379121e+05
1163, 2.72294942e+05
1164, 2.79767058e+05
1165, 1.98252603e+05
1166, 3.35508188e+05
1167, 3.44343519e+05
1168, 2.61687160e+05
1169, 1.20061853e+04
1170, 2.71387512e+05
1171, 2.71387512e+05
1172, 2.72495092e+05
1173, 3.69276284e+04
1174, 3.84711626e+04
1175, 3.69984331e+04
1176, 3.91538694e+04
1177, 1.87429888e+04
1178, 3.34458763e+04
1179, 3.52582421e+04
1180, 3.27361176e+04
1181, 4.77724092e+04
1182, 3.01020803e+04
1183, 2.27976831e+04
1184, 3.74689667e+04
1185, 4.99990837e+05
1186, 3.70158726e+04
1187, 3.75189056e+04
1188, 3.64327890e+04
1189, 3.64327890e+04
1190, 1.10810986e+04
1191, 1.08968550e+04
1192, 1.52175170e+04
1193, 1.10824986e+04
1194, 1.06821934e+04
1195, 1.93391843e+04
1196, 1.18501145e+04
1197, 1.09906575e+04
1198, 8.70494267e+03
1199, 8.62639577e+03
1200, 9.57982024e+03
1201, 7.81516527e+03
1202, 1.05010062e+04
1203, 3.88761580e+04
1204, 1.10810986e+04
1205, 1.14729875e+04
1206, 1.10810986e+04
1207, 3.64306162e+04
1208, 2.99818616e+04
1209, 3.63531448e+04
1210, 3.80243459e+04
1211, 1.73650029e+04
1212, 3.46618255e+04
1213, 3.64897782e+04
1214, 4.21801343e+04
1215, 4.65213508e+04
1216, 3.90525917e+04
1217, 4.96365401e+04
1218, 3.71967346e+04
1219, 8.77819347e+03
1220, 3.59244790e+04
1221, 3.59244790e+04
1222, 3.59231506e+04
1223, 3.59231506e+04
1224, 6.71995479e+04
1225, 6.78643664e+04
1226, 7.10651037e+04
1227, 7.95463339e+04
1228, 7.94923973e+03
1229, 1.63772203e+05
1230, 6.55546041e+04
1231, 6.76806155e+04
1232, 6.71995479e+04
1233, 7.54328926e+04
1234, 7.24983937e+04
1235, 8.14268675e+04
1236, 5.93604302e+04
1237, 7.40534981e+03
1238, 6.79667549e+04
1239, 6.64975610e+04
1240, 7.16394154e+04
1241, 7.45671436e+03
1242, 7.70013011e+03
1243, 1.06126487e+04
1244, 2.31001354e+04
1245, 1.04810961e+04
1246, 7.47985179e+03
1247, 7.33889617e+03
1248, 7.60933708e+03
1249, 9.11612930e+03
1250, 8.27337291e+03
1251, 9.49483894e+03
1252, 7.75550386e+03
1253, 1.37210278e+04
1254, 7.49302441e+03
1255, 7.44347089e+03
1256, 7.95082764e+03
1257, 7.56128908e+03
1258, 1.07920167e+05
1259, 1.08606647e+05
1260, 1.10769796e+05
1261, 8.47205155e+04
1262, 3.41301389e+05
1263, 1.88346804e+04
1264, 1.05881460e+05
1265, 1.09760952e+05
1266, 1.07867658e+05
1267, 7.45615361e+04
1268, 9.42054845e+04
1269, 6.95237513e+04
1270, 1.29928845e+05
1271, 4.34538675e+05
1272, 1.07920167e+05
1273, 1.07920167e+05
1274, 1.07997870e+05
1275, 2.37303114e+04
1276, 2.44924760e+04
1277, 1.76066720e+04
1278, 3.18838560e+04
1279, 8.24961794e+05
1280, 2.30063874e+04
1281, 2.37005989e+04
1282, 2.38087212e+04
1283, 1.48068429e+04
1284, 1.94980570e+04
1285, 1.45333531e+04
1286, 2.91397618e+04
1287, 3.97076843e+04
1288, 2.34730283e+04
1289, 2.34728569e+04
1290, 2.35995414e+04
1291, 2.35956546e+04
1292, 9.12275177e+04
1293, 9.12275177e+04
1294, 8.88041631e+04
1295, 9.02640358e+04
1296, 3.28400738e+04
1297, 2.00781414e+05
1298, 8.96497584e+04
1299, 9.13593503e+04
1300, 8.40047650e+04
1301, 1.02422575e+05
1302, 7.98784386e+04
1303, 8.08530331e+04
1304, 9.62922368e+04
1305, 5.99340267e+04
1306, 9.12275177e+04
1307, 9.13593503e+04
1308, 9.33861619e+04
1309, 3.23562663e+04
1310, 3.39396057e+04
1311, 3.39081520e+04
1312, 1.02541823e+05
1313, 1.59947304e+04
1314, 3.30531348e+04
1315, 3.23562663e+04
1316, 3.62794634e+04
1317, 2.74254021e+04
1318, 3.89396622e+04
1319, 3.78756525e+04
1320, 3.09142153e+04
1321, 5.18840773e+04
1322, 3.26053489e+04
1323, 3.26053489e+04
1324, 3.18299184e+04
1325, 3.26575410e+04
1326, 4.57266565e+04
1327, 4.57266565e+04
1328, 4.70816734e+04
1329, 4.64268596e+04
1330, 1.83330891e+04
1331, 3.88910227e+04
1332, 4.66108824e+04
1333, 4.57898099e+04
1334, 4.36181626e+04
1335, 4.17153149e+04
1336, 4.16767028e+04
1337, 5.04990598e+04
1338, 5.80267635e+04
1339, 1.29237122e+04
1340, 4.57266565e+04
1341, 4.59990047e+04
1342, 4.80729878e+04
1343, 2.68662681e+04
1344, 2.76872808e+04
1345, 2.73957451e+04
1346, 9.95551471e+03
1347, 1.14592961e+04
1348, 2.72452081e+04
1349, 2.60396952e+04
1350, 2.51575802e+04
1351, 2.21947314e+04
1352, 2.34816021e+04
1353, 3.04859085e+04
1354, 3.72539069e+04
1355, 1.54018714e+04
1356, 2.67544778e+04
1357, 2.58465490e+04
1358, 2.86682605e+04
1359, 2.68662681e+04
1360, 8.24270140e+05
1361, 8.24270140e+05
1362, 8.24411741e+05
1363, 8.24290705e+05
1364, 4.16923705e+04
1365, 8.56806792e+03
1366, 8.25210163e+05
1367, 8.24290116e+05
1368, 8.24976191e+05
1369, 8.24156989e+05
1370, 8.24408701e+05
1371, 8.24371094e+05
1372, 8.24410186e+05
1373, 1.22138340e+05
1374, 8.24371094e+05
1375, 8.24270140e+05
1376, 8.24412094e+05
1377, 2.89336774e+04
1378, 2.73355786e+04
1379, 3.23510698e+04
1380, 1.08156453e+04
1381, 1.10969031e+04
1382, 3.45397679e+04
1383, 2.90819917e+04
1384, 2.97266957e+04
1385, 3.78923219e+04
1386, 2.60659956e+04
1387, 2.73507708e+04
1388, 2.55945492e+04
1389, 1.72681243e+04
1390, 2.86557719e+04
1391, 2.92256887e+04
1392, 2.94170284e+04
1393, 2.93106562e+04
1394, 2.35652512e+04
1395, 2.35652512e+04
1396, 2.16501158e+04
1397, 2.15237947e+04
1398, 9.18904567e+03
1399, 6.75812834e+03
1400, 2.47183252e+04
1401, 2.34177769e+04
1402, 2.25425932e+04
1403, 3.05555757e+04
1404, 1.96847651e+04
1405, 2.56818182e+04
1406, 1.90797773e+04
1407, 3.53235797e+04
1408, 2.35652512e+04
1409, 2.32554863e+04
1410, 2.33099190e+04
1411, 1.88357104e+04
1412, 1.70241909e+04
1413, 1.68610181e+04
1414, 6.33465370e+03
1415, 1.31073732e+04
1416, 2.04285639e+04
1417, 1.94193139e+04
1418, 1.77150706e+04
1419, 2.61104927e+04
1420, 1.53275095e+04
1421, 2.13504898e+04
1422, 1.43687083e+04
1423, 5.86621379e+04
1424, 1.88357104e+04
1425, 1.88357104e+04
1426, 1.88357104e+04
1427, 1.88357104e+04
1428, 1.34808477e+04
1429, 1.34808477e+04
1430, 1.45903510e+04
1431, 1.14762383e+04
1432, 2.83327184e+04
1433, 1.55209414e+04
1434, 1.49459694e+04
1435, 1.29016689e+04
1436, 1.34130447e+04
1437, 1.31423153e+04
1438, 1.05978111e+04
1439, 2.15327279e+04
1440, 1.21271008e+04
1441, 8.92603383e+03
1442, 1.34808477e+04
1443, 1.34808477e+04
1444, 1.38724860e+04
1445, 6.16242104e+03
1446, 6.30145970e+03
1447, 6.07196336e+03
1448, 2.58839894e+04
1449, 2.65472058e+04
1450, 7.51744406e+03
1451, 5.97277077e+03
1452, 6.19390796e+03
1453, 6.13024111e+03
1454, 6.40146567e+03
1455, 8.13071604e+03
1456, 6.47176206e+03
1457, 7.62562367e+03
1458, 6.16242104e+03
1459, 6.16242104e+03
1460, 6.51270268e+03
1461, 6.16242104e+03
1462, 1.70394386e+04
1463, 1.70394386e+04
1464, 1.60454120e+04
1465, 2.54648142e+04
1466, 7.38848766e+03
1467, 1.11551522e+04
1468, 1.59421705e+04
1469, 1.68071136e+04
1470, 1.94918499e+04
1471, 1.70394386e+04
1472, 1.95781263e+04
1473, 1.29690728e+04
1474, 1.94004523e+04
1475, 1.20584541e+04
1476, 1.70394386e+04
1477, 1.70394386e+04
1478, 1.74614387e+04
1479, 1.00806908e+05
1480, 9.61050379e+04
1481, 1.39818256e+05
1482, 1.22656483e+04
1483, 6.65069457e+03
1484, 9.54719145e+04
1485, 1.00806908e+05
1486, 1.13703010e+05
1487, 9.97891758e+04
1488, 1.08469995e+05
1489, 8.03357152e+04
1490, 1.13291765e+05
1491, 4.15022069e+04
1492, 1.00806908e+05
1493, 1.00806908e+05
1494, 1.01853965e+05
1495, 1.00806908e+05
1496, 8.69304962e+03
1497, 8.68663001e+03
1498, 8.82379582e+03
1499, 8.49811790e+03
1500, 1.81081542e+04
1501, 2.30852684e+04
1502, 1.18772970e+04
1503, 9.25339383e+03
1504, 8.64469365e+03
1505, 6.68830455e+03
1506, 1.15262448e+04
1507, 7.16795764e+03
1508, 7.50467671e+03
1509, 1.61243284e+04
1510, 8.69304962e+03
1511, 8.48452549e+03
1512, 8.12297519e+03
1513, 1.42880603e+04
1514, 1.46417624e+04
1515, 1.43567474e+04
1516, 2.14127775e+04
1517, 2.57030563e+04
1518, 1.80826390e+04
1519, 1.39382855e+04
1520, 1.37961055e+04
1521, 1.05256766e+04
1522, 1.92093005e+04
1523, 1.06314505e+04
1524, 1.40250508e+04
1525, 2.08155525e+04
1526, 1.43526470e+04
1527, 1.44325596e+04
1528, 1.43492058e+04
1529, 1.43567474e+04
1530, 4.11746674e+04
1531, 4.11746674e+04
1532, 4.04355355e+04
1533, 4.18929541e+04
1534, 3.31324846e+04
1535, 8.43774352e+03
1536, 4.35183318e+04
1537, 4.22273674e+04
1538, 4.25095196e+04
1539, 3.22135374e+04
1540, 4.36782864e+04
1541, 2.85429379e+04
1542, 4.40194612e+04
1543, 3.28142752e+04
1544, 4.11746674e+04
1545, 4.10845492e+04
1546, 3.90430766e+04
1547, 2.06903827e+04
1548, 2.01329418e+04
1549, 2.11113586e+04
1550, 8.72526928e+03
1551, 1.22767475e+04
1552, 2.20400437e+04
1553, 2.05313366e+04
1554, 2.25668288e+04
1555, 1.48713263e+04
1556, 2.17842599e+04
1557, 1.16209203e+04
1558, 2.30137658e+04
1559, 9.57870810e+03
1560, 2.06903827e+04
1561, 2.06903827e+04
1562, 1.90080885e+04
1563, 2.06903827e+04
1564, 6.22178158e+03
1565, 6.22178158e+03
1566, 6.34863845e+03
1567, 8.87219763e+03
1568, 1.06569786e+04
1569, 6.75257868e+03
1570, 6.36286718e+03
1571, 6.22178158e+03
1572, 5.83834581e+03
1573, 6.22178158e+03
1574, 6.95477489e+03
1575, 6.05837933e+03
1576, 6.49926602e+03
1577, 7.46007124e+03
1578, 6.08453161e+03
1579, 6.22178158e+03
1580, 6.54207890e+03
1581, 1.21543610e+04
1582, 1.25075522e+04
1583, 8.58748086e+03
1584, 6.29762414e+03
1585, 1.05334209e+04
1586, 1.15525893e+04
1587, 1.21543610e+04
1588, 1.18690707e+04
1589, 1.24928935e+04
1590, 9.73641418e+03
1591, 1.34299579e+04
1592, 1.43724009e+04
1593, 1.97078384e+04
1594, 1.27990421e+04
1595, 1.21543610e+04
1596, 1.19445870e+04
1597, 1.21543610e+04
1598, 2.29662827e+05
1599, 2.29662827e+05
1600, 2.31414291e+05
1601, 3.21230676e+05
1602, 5.82412017e+04
1603, 1.53349695e+05
1604, 2.34489586e+05
1605, 2.25126850e+05
1606, 2.40206061e+05
1607, 2.31440068e+05
1608, 2.46956889e+05
1609, 2.51629218e+05
1610, 2.45655212e+05
1611, 5.12453441e+05
1612, 2.29662827e+05
1613, 2.29662827e+05
1614, 2.42764656e+05
1615, 2.05051258e+05
1616, 1.99633005e+05
1617, 1.65820498e+05
1618, 4.46884895e+05
1619, 3.36934756e+05
1620, 1.97280447e+05
1621, 2.04249941e+05
1622, 1.91735282e+05
1623, 2.01795155e+05
1624, 1.90238786e+05
1625, 1.87191181e+05
1626, 1.90013189e+05
1627, 9.11939093e+04
1628, 2.05325714e+05
1629, 2.05051258e+05
1630, 1.92044601e+05
1631, 2.05051258e+05
1632, 9.97706144e+03
1633, 9.38542116e+03
1634, 1.05313257e+04
1635, 1.10597787e+04
1636, 2.66940162e+04
1637, 2.45621677e+04
1638, 1.04213336e+04
1639, 9.97706144e+03
1640, 1.04361348e+04
1641, 9.97706144e+03
1642, 1.35512163e+04
1643, 9.97706144e+03
1644, 1.10465971e+04
1645, 8.69002524e+03
1646, 9.97706144e+03
1647, 9.97838985e+03
1648, 9.90283818e+03
1649, 6.93050146e+04
1650, 6.54656302e+04
1651, 6.30213003e+04
1652, 3.83419146e+04
1653, 4.15157069e+04
1654, 6.39733475e+04
1655, 6.70098169e+04
1656, 6.56858486e+04
1657, 6.69952400e+04
1658, 5.53786210e+04
1659, 6.69952400e+04
1660, 6.13582603e+04
1661, 6.99940213e+04
1662, 6.70745222e+04
1663, 6.69734446e+04
1664, 6.54323747e+04
1665, 6.69952400e+04
1666, 7.64010961e+03
1667, 7.23862344e+03
1668, 7.32694605e+03
1669, 7.85162699e+03
1670, 3.90594991e+04
1671, 1.47583419e+04
1672, 7.16481830e+03
1673, 7.52115413e+03
1674, 7.14850526e+03
1675, 7.69941484e+03
1676, 8.13174942e+03
1677, 7.64010961e+03
1678, 1.19298558e+04
1679, 1.00722567e+04
1680, 7.64010961e+03
1681, 7.64010961e+03
1682, 7.52294139e+03
1683, 7.38119764e+03
1684, 7.44422572e+03
1685, 6.92304137e+03
1686, 1.23281050e+04
1687, 5.93645865e+04
1688, 7.49283837e+03
1689, 7.03336518e+03
1690, 7.51942907e+03
1691, 7.07993439e+03
1692, 6.91382045e+03
1693, 7.07993439e+03
1694, 6.58888904e+03
1695, 6.97838188e+03
1696, 6.95217902e+03
1697, 7.07317714e+03
1698, 7.38563815e+03
1699, 7.07993439e+03
1700, 1.12638758e+04
1701, 9.61051666e+03
1702, 1.03407325e+04
1703, 1.06050316e+04
1704, 1.37762738e+04
1705, 1.11239485e+04
1706, 1.02722864e+04
1707, 1.12147505e+04
1708, 1.02722864e+04
1709, 1.51993987e+04
1710, 1.46899674e+04
1711, 1.74558905e+04
1712, 1.80841451e+04
1713, 1.50557466e+04
1714, 1.12638758e+04
1715, 1.12638758e+04
1716, 1.15563679e+04
1717, 1.42751791e+04
1718, 1.43416182e+04
1719, 1.25377541e+04
1720, 8.35126424e+03
1721, 8.01866802e+03
1722, 1.41505240e+04
1723, 1.41966540e+04
1724, 1.44633868e+04
1725, 1.95115351e+04
1726, 1.84443914e+04
1727, 2.07005613e+04
1728, 1.73274436e+04
1729, 1.63178818e+04
1730, 1.44833089e+04
1731, 1.44833089e+04
1732, 1.42210937e+04
1733, 1.44833089e+04
1734, 1.70238259e+04
1735, 1.70238259e+04
1736, 1.78877766e+04
1737, 1.27693421e+04
1738, 8.28636340e+03
1739, 9.75447479e+04
1740, 1.78891051e+04
1741, 1.65981751e+04
1742, 1.49571220e+04
1743, 2.28567868e+04
1744, 1.89720072e+04
1745, 2.47800940e+04
1746, 2.01580910e+04
1747, 1.45703875e+04
1748, 1.70238259e+04
1749, 1.68983810e+04
1750, 1.67306081e+04
1751, 8.25009402e+05
1752, 8.24725024e+05
1753, 8.24805777e+05
1754, 1.11162575e+05
1755, 1.31084546e+04
1756, 8.24522378e+05
1757, 8.25023129e+05
1758, 8.24377207e+05
1759, 8.24746930e+05
1760, 8.24746930e+05
1761, 8.24746930e+05
1762, 8.25055700e+05
1763, 4.79163399e+05
1764, 8.24917611e+05
1765, 8.24814369e+05
1766, 8.24906160e+05
1767, 8.24917611e+05
1768, 3.16997100e+04
1769, 3.13689388e+04
1770, 3.32765528e+04
1771, 3.16997100e+04
1772, 3.68729792e+04
1773, 3.40187571e+04
1774, 3.15683603e+04
1775, 3.18700996e+04
1776, 3.11293159e+04
1777, 3.10808828e+04
1778, 2.79497209e+04
1779, 2.31577413e+04
1780, 3.42192969e+04
1781, 4.83084787e+04
1782, 3.16997100e+04
1783, 3.16997100e+04
1784, 3.10040057e+04
1785, 4.26119345e+04
1786, 4.03467463e+04
1787, 4.14214777e+04
1788, 3.66950718e+04
1789, 4.01628503e+04
1790, 4.30634582e+04
1791, 4.26675193e+04
1792, 4.32592549e+04
1793, 4.22392473e+04
1794, 4.72002555e+04
1795, 5.35401339e+04
1796, 3.97428102e+04
1797, 2.78622547e+04
1798, 4.23332820e+04
1799, 4.29158466e+04
1800, 4.45121823e+04
1801, 4.22392473e+04
1802, 4.72618672e+05
1803, 4.67060728e+05
1804, 4.90307637e+05
1805, 4.74444883e+05
1806, 3.57919228e+05
1807, 4.00785174e+05
1808, 4.74647709e+05
1809, 4.74432704e+05
1810, 4.82688585e+05
1811, 4.72618672e+05
1812, 4.65158779e+05
1813, 4.45201259e+05
1814, 4.64656694e+05
1815, 1.08913293e+05
1816, 4.72618672e+05
1817, 4.72561062e+05
1818, 4.70384438e+05
1819, 3.11401105e+04
1820, 2.73785786e+04
1821, 3.02146121e+04
1822, 5.18999762e+04
1823, 3.79437434e+04
1824, 2.92119456e+04
1825, 2.91034610e+04
1826, 2.78889552e+04
1827, 2.91285327e+04
1828, 3.49274998e+04
1829, 4.40179985e+04
1830, 3.43470829e+04
1831, 2.08422129e+05
1832, 2.94448435e+04
1833, 2.96670515e+04
1834, 3.15432681e+04
1835, 2.96670515e+04
1836, 6.63099310e+03
1837, 6.42919373e+03
1838, 5.85764517e+03
1839, 7.92288447e+03
1840, 2.42181794e+04
1841, 2.59005713e+04
1842, 7.15563921e+03
1843, 6.55162240e+03
1844, 8.01525472e+03
1845, 6.60584861e+03
1846, 5.91272227e+03
1847, 6.63099310e+03
1848, 7.41201938e+03
1849, 8.03293380e+03
1850, 6.50643487e+03
1851, 6.50643487e+03
1852, 6.97526662e+03
1853, 1.44948332e+04
1854, 1.37315578e+04
1855, 1.89896189e+04
1856, 2.65616855e+04
1857, 2.99753651e+04
1858, 1.48687975e+04
1859, 1.42618839e+04
1860, 1.54415250e+04
1861, 1.08031776e+04
1862, 1.18585482e+04
1863, 1.47198316e+04
1864, 1.53704860e+04
1865, 1.70280351e+04
1866, 1.45289883e+04
1867, 1.45289883e+04
1868, 1.48410335e+04
1869, 1.47198316e+04
1870, 6.84540999e+03
1871, 6.67739863e+03
1872, 6.80883834e+03
1873, 7.55801270e+03
1874, 2.06520469e+04
1875, 3.42130076e+05
1876, 6.79792621e+03
1877, 6.73001843e+03
1878, 7.29080303e+03
1879, 8.21217244e+03
1880, 6.81997773e+03
1881, 6.84540999e+03
1882, 7.39014012e+03
1883, 7.32602270e+03
1884, 6.84408158e+03
1885, 6.84408158e+03
1886, 6.55170162e+03
1887, 8.24232760e+05
1888, 8.24248468e+05
1889, 8.24355107e+05
1890, 4.15054037e+05
1891, 3.26041100e+04
1892, 8.24351223e+05
1893, 8.24473810e+05
1894, 8.25896903e+05
1895, 8.24357499e+05
1896, 8.24426186e+05
1897, 8.24357499e+05
1898, 8.23851491e+05
1899, 8.24357499e+05
1900, 8.24357499e+05
1901, 8.24357499e+05
1902, 8.25013081e+05
1903, 8.24357499e+05
1904, 2.70188887e+04
1905, 2.84584162e+04
1906, 2.67297840e+04
1907, 2.92205695e+04
1908, 1.93818745e+04
1909, 9.18183734e+04
1910, 2.91942573e+04
1911, 2.68745903e+04
1912, 2.65878265e+04
1913, 1.87244776e+04
1914, 2.26849244e+04
1915, 2.29272544e+04
1916, 3.19617934e+04
1917, 9.49836409e+04
1918, 2.70188887e+04
1919, 2.67841960e+04
1920, 2.71660167e+04
1921, 2.47553512e+05
1922, 2.57134666e+05
1923, 2.37469084e+05
1924, 3.89710223e+05
1925, 5.32502440e+04
1926, 2.41331345e+05
1927, 2.55959800e+05
1928, 2.55907393e+05
1929, 3.50481456e+05
1930, 2.90438539e+05
1931, 3.01231507e+05
1932, 2.26262443e+05
1933, 5.19645486e+04
1934, 2.54640298e+05
1935, 2.54506923e+05
1936, 2.48950889e+05
1937, 2.54640298e+05
1938, 1.63279028e+04
1939, 1.63279028e+04
1940, 1.64984232e+04
1941, 1.51766789e+04
1942, 1.89531013e+04
1943, 8.56614477e+03
1944, 1.78603798e+04
1945, 1.63279028e+04
1946, 1.63279028e+04
1947, 1.25045861e+04
1948, 1.42320979e+04
1949, 1.91464069e+04
1950, 1.99938978e+04
1951, 4.26390185e+04
1952, 1.63279028e+04
1953, 1.63279028e+04
1954, 1.72754423e+04
1955, 3.92909359e+04
1956, 3.82847216e+04
1957, 4.11745428e+04
1958, 3.60844449e+04
1959, 5.41257078e+04
1960, 3.50744974e+04
1961, 3.92242827e+04
1962, 3.92909359e+04
1963, 4.71675518e+04
1964, 4.38679239e+04
1965, 3.45353596e+04
1966, 3.21162981e+04
1967, 1.24323973e+04
1968, 3.98631552e+04
1969, 3.98631552e+04
1970, 3.64163194e+04
1971, 3.98631552e+04
1972, 7.80412003e+03
1973, 7.28255767e+03
1974, 7.46751391e+03
1975, 8.14661971e+03
1976, 7.25906750e+03
1977, 1.73260585e+04
1978, 6.54076983e+03
1979, 7.84215436e+03
1980, 1.30911568e+04
1981, 7.74880193e+03
1982, 8.43092765e+03
1983, 7.28357289e+03
1984, 5.60124133e+03
1985, 1.75830600e+04
1986, 7.67109340e+03
1987, 7.80412003e+03
1988, 8.63274736e+03
1989, 2.71589370e+04
1990, 2.59776587e+04
1991, 2.96430401e+04
1992, 3.46507934e+04
1993, 8.78409769e+03
1994, 3.05372415e+04
1995, 2.49808378e+04
1996, 1.90299686e+04
1997, 2.61352643e+04
1998, 2.21928878e+04
1999, 3.03872611e+04
2000, 3.36950999e+04
2001, 8.53827221e+03
2002, 2.51397233e+04
2003, 2.50601200e+04
2004, 2.45160691e+04
2005, 2.50601200e+04
2006, 2.01419338e+05
2007, 2.03347667e+05
2008, 2.00490141e+05
2009, 3.25876990e+05
2010, 1.23010235e+05
2011, 2.53597634e+04
2012, 2.15465506e+05
2013, 2.02126425e+05
2014, 2.01377667e+05
2015, 1.93527728e+05
2016, 1.82013874e+05
2017, 3.47207154e+05
2018, 2.25047482e+05
2019, 7.28085373e+03
2020, 2.04693620e+05
2021, 2.01419338e+05
2022, 1.92285534e+05
2023, 3.33501932e+04
2024, 3.15186326e+04
2025, 4.17332523e+04
2026, 2.98359799e+04
2027, 1.85767912e+04
2028, 3.52436098e+04
2029, 3.26251171e+04
2030, 3.23005716e+04
2031, 3.11489100e+04
2032, 2.74216537e+04
2033, 4.93695108e+04
2034, 3.65510480e+04
2035, 1.25132829e+04
2036, 3.24175951e+04
2037, 3.26251171e+04
2038, 3.21383642e+04
2039, 3.26251171e+04
2040, 6.51332406e+03
2041, 6.45699652e+03
2042, 7.53988459e+03
2043, 8.04135738e+03
2044, 1.30579847e+05
2045, 7.23030222e+03
2046, 6.29618483e+03
2047, 6.46375376e+03
2048, 6.39238336e+03
2049, 5.81135123e+03
2050, 5.56150618e+03
2051, 7.45669671e+03
2052, 7.05734521e+03
2053, 7.40590962e+03
2054, 6.54328792e+03
2055, 6.68409842e+03
2056, 6.51719217e+03
2057, 8.23596922e+05
2058, 8.23702032e+05
2059, 8.23634132e+05
2060, 3.35376740e+04
2061, 8.23601389e+05
2062, 8.23913811e+05
2063, 8.23691423e+05
2064, 8.23645936e+05
2065, 8.23601389e+05
2066, 8.23596922e+05
2067, 8.23601389e+05
2068, 8.24040427e+05
2069, 6.55691310e+05
2070, 8.23601389e+05
2071, 8.23601389e+05
2072, 8.23636196e+05
2073, 8.23601389e+05
2074, 9.36827002e+03
2075, 9.05981165e+03
2076, 1.05791102e+04
2077, 8.04843698e+03
2078, 8.15476065e+03
2079, 2.32088128e+04
2080, 8.30550217e+03
2081, 9.07900781e+03
2082, 9.96417703e+03
2083, 7.96484583e+03
2084, 9.14960010e+03
2085, 1.72251359e+04
2086, 7.59764505e+03
2087, 1.49968000e+04
2088, 9.06329339e+03
2089, 9.06329339e+03
2090, 9.18083510e+03
2091, 8.74032325e+03
2092, 1.03533039e+04
2093, 7.77591240e+03
2094, 8.10340964e+03
2095, 1.65829592e+04
2096, 9.07511029e+03
2097, 9.15549630e+03
2098, 9.13818865e+03
2099, 7.35202291e+03
2100, 8.85267319e+03
2101, 1.74441838e+04
2102, 8.75804093e+03
2103, 1.57461845e+04
2104, 9.01984809e+03
2105, 9.03203418e+03
2106, 9.01984809e+03
2107, 9.15844958e+03
2108, 4.56903723e+04
2109, 4.57822661e+04
2110, 4.67059975e+04
2111, 3.45474847e+04
2112, 3.13317665e+04
2113, 1.34035594e+04
2114, 4.73123400e+04
2115, 4.57190575e+04
2116, 4.71217683e+04
2117, 4.26906409e+04
2118, 5.10977297e+04
2119, 5.04404336e+04
2120, 4.42993842e+04
2121, 2.04247115e+04
2122, 4.56903723e+04
2123, 4.56903723e+04
2124, 4.45329813e+04
2125, 3.48390417e+05
2126, 3.55581576e+05
2127, 3.48348843e+05
2128, 4.78373341e+04
2129, 1.01898128e+04
2130, 3.54698904e+05
2131, 3.47231801e+05
2132, 3.59841396e+05
2133, 3.46086690e+05
2134, 3.51902681e+05
2135, 3.53093009e+05
2136, 3.43187124e+05
2137, 1.15550184e+04
2138, 3.47231801e+05
2139, 3.47231801e+05
2140, 3.44705732e+05
2141, 3.47231801e+05
2142, 2.39517282e+04
2143, 2.52879673e+04
2144, 2.60352061e+04
2145, 1.98746502e+04
2146, 6.52120268e+03
2147, 8.45105693e+03
2148, 2.67347636e+04
2149, 2.37186666e+04
2150, 2.50163474e+04
2151, 2.67133220e+04
2152, 2.72470689e+04
2153, 1.96710280e+04
2154, 2.60798112e+04
2155, 9.99138144e+03
2156, 2.39517282e+04
2157, 2.38090609e+04
2158, 2.44922318e+04
2159, 2.97023038e+04
2160, 3.00801377e+04
2161, 2.35635062e+04
2162, 1.23163408e+04
2163, 1.10256149e+04
2164, 3.02743929e+04
2165, 2.86791404e+04
2166, 2.94403031e+04
2167, 3.17641396e+04
2168, 3.23440564e+04
2169, 2.53754443e+04
2170, 3.09311759e+04
2171, 2.26169755e+04
2172, 2.92345801e+04
2173, 2.92345801e+04
2174, 2.98005825e+04
2175, 2.93445722e+04
2176, 7.64822898e+03
2177, 7.64822898e+03
2178, 8.40754901e+03
2179, 8.38126178e+03
2180, 7.03270657e+03
2181, 3.74429108e+05
2182, 8.44191641e+03
2183, 7.64822898e+03
2184, 7.57155002e+03
2185, 6.96318977e+03
2186, 1.04356197e+04
2187, 1.17716682e+04
2188, 6.94798456e+03
2189, 2.44780414e+04
2190, 7.64822898e+03
2191, 7.64822898e+03
2192, 8.20104174e+03
2193, 1.46096666e+04
2194, 1.60533848e+04
2195, 1.58274175e+04
2196, 1.17718246e+04
2197, 3.73366912e+04
2198, 1.59412473e+04
2199, 1.46781127e+04
2200, 1.44186550e+04
2201, 1.32061569e+04
2202, 1.97085468e+04
2203, 2.25076294e+04
2204, 1.16523467e+04
2205, 3.76146883e+05
2206, 1.46781127e+04
2207, 1.46781127e+04
2208, 1.54544927e+04
2209, 1.46781127e+04
2210, 7.29392656e+03
2211, 7.21432321e+03
2212, 7.58427612e+03
2213, 7.59838697e+03
2214, 6.94624775e+03
2215, 2.20735480e+04
2216, 7.34603601e+03
2217, 7.21546849e+03
2218, 7.47254065e+03
2219, 6.98124819e+03
2220, 7.11391664e+03
2221, 9.41502773e+03
2222, 7.43760590e+03
2223, 1.14633788e+04
2224, 7.27054371e+03
2225, 7.27054371e+03
2226, 7.54913054e+03
2227, 1.34618421e+04
2228, 1.51311886e+04
2229, 1.25353027e+04
2230, 1.49327426e+04
2231, 8.44682112e+03
2232, 1.25218496e+04
2233, 1.35305292e+04
2234, 1.37802151e+04
2235, 1.52231916e+04
2236, 1.41647821e+04
2237, 9.15848392e+03
2238, 1.19447649e+04
2239, 2.71732087e+04
2240, 1.35305292e+04
2241, 1.35305292e+04
2242, 1.40212201e+04
2243, 1.35305292e+04
2244, 8.27431705e+05
2245, 8.27327839e+05
2246, 8.26124573e+05
2247, 8.27033302e+05
2248, 8.27431705e+05
2249, 4.04609133e+04
2250, 8.28318494e+05
2251, 8.27305461e+05
2252, 8.24794989e+05
2253, 8.27431705e+05
2254, 8.28035950e+05
2255, 8.27817288e+05
2256, 8.25428238e+05
2257, 4.74040392e+05
2258, 8.27321542e+05
2259, 8.27321542e+05
2260, 8.26798139e+05
2261, 3.62742069e+04
2262, 3.94334601e+04
2263, 3.02954059e+04
2264, 3.05558022e+04
2265, 5.94927332e+05
2266, 3.51257298e+04
2267, 3.62271168e+04
2268, 4.50931732e+04
2269, 4.47403864e+04
2270, 3.02345682e+04
2271, 2.35091207e+04
2272, 4.32560236e+04
2273, 4.99772702e+04
2274, 3.64060396e+04
2275, 3.64060396e+04
2276, 3.83872058e+04
2277, 3.62742069e+04
2278, 2.34867724e+04
2279, 2.39090080e+04
2280, 2.10104314e+04
2281, 3.07236734e+04
2282, 2.19347916e+04
2283, 5.17242162e+04
2284, 2.18006676e+04
2285, 2.35013493e+04
2286, 2.31891193e+04
2287, 1.64855573e+04
2288, 2.65087758e+04
2289, 3.21056478e+04
2290, 1.86562200e+04
2291, 7.57552839e+03
2292, 2.36727029e+04
2293, 2.38153702e+04
2294, 2.19193628e+04
2295, 1.39742590e+04
2296, 1.50942598e+04
2297, 9.78734279e+03
2298, 1.54007906e+04
2299, 1.08274776e+04
2300, 1.42544678e+04
2301, 1.40709337e+04
2302, 1.40970555e+04
2303, 2.11947114e+04
2304, 1.25657899e+04
2305, 9.96985579e+03
2306, 1.63829463e+04
2307, 4.67718139e+04
2308, 1.40391069e+04
2309, 1.40391069e+04
2310, 1.43183604e+04
2311, 1.40709337e+04
2312, 9.63969324e+03
2313, 9.63420382e+03
2314, 9.57738333e+03
2315, 7.80724523e+03
2316, 6.25325086e+03
2317, 2.79982013e+04
2318, 9.63420382e+03
2319, 9.65149726e+03
2320, 9.83996265e+03
2321, 1.05321169e+04
2322, 7.97561337e+03
2323, 6.02098113e+03
2324, 1.17641980e+04
2325, 2.87678789e+04
2326, 9.72781047e+03
2327, 9.63969324e+03
2328, 9.50659525e+03
2329, 2.14557779e+04
2330, 2.12337383e+04
2331, 1.66652396e+04
2332, 7.76745245e+03
2333, 7.69553349e+03
2334, 2.14557779e+04
2335, 2.12808284e+04
2336, 2.21807323e+04
2337, 2.25838463e+04
2338, 1.67638749e+04
2339, 1.00133066e+04
2340, 2.57651233e+04
2341, 1.86203442e+05
2342, 2.10372077e+04
2343, 2.12808284e+04
2344, 2.05593360e+04
2345, 2.11852922e+04
2346, 7.04816857e+04
2347, 6.87679837e+04
2348, 7.04816857e+04
2349, 7.85870143e+04
2350, 1.05597705e+04
2351, 1.54181088e+04
2352, 6.87475968e+04
2353, 7.04816857e+04
2354, 6.70857014e+04
2355, 6.75221689e+04
2356, 6.43667390e+04
2357, 6.16015022e+04
2358, 5.98584745e+04
2359, 5.10444835e+05
2360, 7.03823567e+04
2361, 7.04816857e+04
2362, 7.17451717e+04
2363, 2.76943426e+04
2364, 2.77411166e+04
2365, 3.28858034e+04
2366, 7.25517228e+03
2367, 1.54524897e+04
2368, 2.74149921e+04
2369, 2.77411166e+04
2370, 2.73289973e+04
2371, 2.65923147e+04
2372, 2.49861055e+04
2373, 2.42101286e+04
2374, 2.50168949e+04
2375, 4.54991049e+04
2376, 2.77411166e+04
2377, 2.77411166e+04
2378, 2.81191722e+04
2379, 2.76943426e+04
2380, 1.71327698e+04
2381, 1.72482310e+04
2382, 1.73725081e+04
2383, 1.23715049e+04
2384, 3.87456865e+05
2385, 9.18332392e+03
2386, 2.05609647e+04
2387, 1.71327698e+04
2388, 2.33311917e+04
2389, 2.41041065e+04
2390, 1.51042166e+04
2391, 1.41736388e+04
2392, 1.84586561e+04
2393, 6.53591676e+03
2394, 1.71327698e+04
2395, 1.81516421e+04
2396, 1.69686281e+04
2397, 2.27943505e+04
2398, 2.23013982e+04
2399, 2.93750819e+04
2400, 1.37931604e+04
2401, 4.01143683e+04
2402, 1.84084812e+04
2403, 2.27943505e+04
2404, 1.56492086e+04
2405, 1.91517664e+04
2406, 2.58890922e+04
2407, 2.67767425e+04
2408, 2.16901307e+04
2409, 1.75610648e+05
2410, 2.27943505e+04
2411, 2.23168751e+04
2412, 2.30287879e+04
2413, 2.27943505e+04
2414, 3.16464609e+04
2415, 3.21790254e+04
2416, 3.16464609e+04
2417, 2.77448008e+04
2418, 4.00358236e+04
2419, 4.00030730e+04
2420, 2.78565949e+04
2421, 3.16464609e+04
2422, 3.23093505e+04
2423, 4.08198828e+04
2424, 2.64027046e+04
2425, 3.56551977e+04
2426, 3.10507959e+04
2427, 1.50782457e+04
2428, 3.16464609e+04
2429, 3.21961163e+04
2430, 3.20806617e+04
2431, 2.98065825e+04
2432, 2.98875427e+04
2433, 3.44794699e+04
2434, 2.18140448e+04
2435, 2.21529930e+04
2436, 3.24610105e+04
2437, 2.94207123e+04
2438, 2.86003913e+04
2439, 2.23159171e+04
2440, 3.59533956e+04
2441, 2.57944188e+04
2442, 3.02610673e+04
2443, 4.91707116e+04
2444, 2.93305942e+04
2445, 2.93305942e+04
2446, 2.93450365e+04
2447, 2.97974245e+04
2448, 5.96488268e+04
2449, 6.00948520e+04
2450, 5.78383408e+04
2451, 4.50117103e+04
2452, 4.57433048e+05
2453, 7.04604020e+03
2454, 5.48188799e+04
2455, 5.96562573e+04
2456, 6.01218837e+04
2457, 5.25772047e+04
2458, 5.40366323e+04
2459, 5.61501609e+04
2460, 5.69325271e+04
2461, 9.62482798e+04
2462, 6.01508471e+04
2463, 5.97357981e+04
2464, 6.30937559e+04
2465, 7.22084585e+03
2466, 7.24254860e+03
2467, 1.09567815e+04
2468, 1.22490779e+04
2469, 8.23978925e+05
2470, 7.95022675e+03
2471, 7.23281322e+03
2472, 7.22084585e+03
2473, 8.20055912e+03
2474, 8.13803399e+03
2475, 7.68002265e+03
2476, 7.96711149e+03
2477, 5.91978651e+03
2478, 7.23846077e+03
2479, 7.22084585e+03
2480, 6.77181282e+03
2481, 7.22084585e+03
2482, 1.09210481e+04
2483, 1.08717032e+04
2484, 1.12254351e+04
2485, 8.73998123e+03
2486, 2.61498217e+04
2487, 6.70077151e+04
2488, 1.10437786e+04
2489, 1.11276803e+04
2490, 1.09952326e+04
2491, 1.25996141e+04
2492, 9.25680586e+03
2493, 1.18801703e+04
2494, 1.11444028e+04
2495, 9.13106221e+03
2496, 1.09210481e+04
2497, 1.10890547e+04
2498, 1.11343916e+04
2499, 2.30469322e+04
2500, 1.81617686e+04
2501, 2.10997886e+04
2502, 1.35373070e+05
2503, 1.69419724e+04
2504, 1.79622828e+04
2505, 2.35618898e+04
2506, 2.31318204e+04
2507, 2.56460993e+04
2508, 1.89723176e+04
2509, 2.52684047e+04
2510, 2.65029868e+04
2511, 1.74712579e+04
2512, 2.36356247e+04
2513, 2.39825939e+04
2514, 2.47165583e+04
2515, 2.36356247e+04
2516, 2.16244871e+04
2517, 2.14084401e+04
2518, 2.47465527e+04
2519, 2.23657998e+04
2520, 9.24216192e+03
2521, 1.97882594e+04
2522, 2.05312569e+04
2523, 2.13254726e+04
2524, 2.33787486e+04
2525, 1.30125552e+04
2526, 1.76964019e+04
2527, 2.33216551e+04
2528, 2.31852603e+04
2529, 1.80695810e+04
2530, 2.16244871e+04
2531, 2.14782592e+04
2532, 2.17578621e+04
2533, 7.37547220e+03
2534, 7.12419767e+03
2535, 7.58366774e+03
2536, 1.06720205e+04
2537, 7.00847319e+03
2538, 7.59154171e+03
2539, 7.14742481e+03
2540, 7.52866792e+03
2541, 6.49368697e+03
2542, 6.98806635e+03
2543, 7.69820780e+03
2544, 7.71106165e+03
2545, 6.85780647e+03
2546, 7.31009416e+03
2547, 7.31009416e+03
2548, 6.88524512e+03
2549, 7.31685141e+03
2550, 5.83335382e+03
2551, 5.81482236e+03
2552, 5.89718465e+03
2553, 5.68617334e+03
2554, 1.36259280e+04
2555, 6.63678283e+03
2556, 5.94556262e+03
2557, 5.79574204e+03
2558, 6.64278817e+03
2559, 5.61314891e+03
2560, 5.57456749e+03
2561, 1.22797654e+04
2562, 5.62559924e+03
2563, 7.91040917e+03
2564, 5.83335382e+03
2565, 5.83335382e+03
2566, 5.80743460e+03
2567, 7.95562338e+03
2568, 8.02410261e+03
2569, 7.48654242e+03
2570, 1.48938787e+04
2571, 8.76217779e+03
2572, 7.74244607e+03
2573, 7.92646484e+03
2574, 8.42995319e+03
2575, 6.80429911e+03
2576, 7.10904317e+03
2577, 1.57799823e+04
2578, 7.12325278e+03
2579, 9.86090093e+03
2580, 7.83185793e+03
2581, 7.83185793e+03
2582, 6.73663147e+03
2583, 7.83185793e+03
2584, 5.63645165e+04
2585, 5.63264901e+04
2586, 5.64223501e+04
2587, 7.16172221e+04
2588, 1.62696846e+05
2589, 1.20663956e+04
2590, 5.06408796e+04
2591, 5.80095577e+04
2592, 5.33178815e+04
2593, 6.39162277e+04
2594, 6.57080491e+04
2595, 4.47495728e+04
2596, 7.82200861e+04
2597, 1.30204302e+04
2598, 5.64636738e+04
2599, 5.77830697e+04
2600, 5.77902111e+04
2601, 1.18493066e+04
2602, 1.18493066e+04
2603, 1.03335482e+04
2604, 7.96587010e+03
2605, 4.63322321e+04
2606, 1.46209721e+04
2607, 1.17124595e+04
2608, 1.29148193e+04
2609, 1.02961579e+04
2610, 1.00143631e+04
2611, 1.48467934e+04
2612, 7.03449673e+03
2613, 4.18702504e+04
2614, 1.15195148e+04
2615, 1.15085574e+04
2616, 1.15085574e+04
2617, 1.16565938e+04
2618, 4.32185288e+04
2619, 4.37131113e+04
2620, 4.37131113e+04
2621, 4.79667121e+04
2622, 3.42635751e+04
2623, 8.85322876e+03
2624, 3.95457206e+04
2625, 4.32764567e+04
2626, 4.51840758e+04
2627, 3.80870757e+04
2628, 4.79710495e+04
2629, 3.01996646e+04
2630, 4.61355691e+04
2631, 5.87344520e+04
2632, 4.32185288e+04
2633, 4.32185288e+04
2634, 4.34818831e+04
2635, 8.78605649e+03
2636, 8.78605649e+03
2637, 1.04248957e+04
2638, 5.87904952e+03
2639, 3.90295437e+04
2640, 7.41182347e+03
2641, 8.72653701e+03
2642, 9.72181532e+03
2643, 7.19888946e+03
2644, 1.05369791e+04
2645, 5.61465581e+03
2646, 9.95466658e+03
2647, 3.40497099e+04
2648, 8.51005914e+03
2649, 8.79530261e+03
2650, 8.33267179e+03
2651, 8.38364373e+03
2652, 1.26659328e+04
2653, 1.26659328e+04
2654, 1.40747537e+04
2655, 1.03642800e+04
2656, 6.68820989e+03
2657, 6.71915807e+03
2658, 1.53315745e+04
2659, 1.28680373e+04
2660, 1.37322200e+04
2661, 7.98453186e+03
2662, 9.36462766e+03
2663, 9.59517241e+03
2664, 8.90752602e+03
2665, 1.91120007e+04
2666, 1.27020435e+04
2667, 1.28284130e+04
2668, 1.30069759e+04
2669, 2.77089596e+04
2670, 2.91357120e+04
2671, 2.36161825e+04
2672, 1.74588336e+04
2673, 1.12040780e+04
2674, 2.97391267e+04
2675, 2.75844013e+04
2676, 2.82531329e+04
2677, 1.81877223e+04
2678, 2.15224612e+04
2679, 2.23705187e+04
2680, 2.41590173e+04
2681, 3.33173177e+04
2682, 2.65410740e+04
2683, 2.78019808e+04
2684, 2.76987388e+04
2685, 2.78019808e+04
2686, 1.14153397e+04
2687, 1.13832753e+04
2688, 1.25602743e+04
2689, 9.44506201e+03
2690, 5.98461494e+03
2691, 6.29868514e+03
2692, 1.04961743e+04
2693, 1.14607434e+04
2694, 1.03869584e+04
2695, 1.48420467e+04
2696, 1.18600760e+04
2697, 8.13641733e+03
2698, 1.38194866e+04
2699, 1.73132406e+04
2700, 1.14153397e+04
2701, 1.14153397e+04
2702, 1.20870119e+04
2703, 1.09312212e+04
2704, 1.30138791e+04
2705, 1.01822880e+04
2706, 6.73320387e+03
2707, 6.29232799e+03
2708, 9.38865455e+03
2709, 1.09312212e+04
2710, 9.19298020e+03
2711, 1.33489167e+04
2712, 1.16754053e+04
2713, 8.45498525e+03
2714, 1.33249296e+04
2715, 1.41634149e+04
2716, 1.12249336e+04
2717, 1.12249336e+04
2718, 1.15683623e+04
2719, 1.12249336e+04
2720, 1.36820735e+04
2721, 1.41501141e+04
2722, 1.34294299e+04
2723, 9.16215605e+03
2724, 8.72670923e+03
2725, 1.77262654e+04
2726, 1.41894732e+04
2727, 1.36820735e+04
2728, 1.34067448e+04
2729, 8.88673808e+03
2730, 1.64899625e+04
2731, 1.54989667e+04
2732, 1.40411956e+04
2733, 2.33485774e+04
2734, 1.40976323e+04
2735, 1.36820735e+04
2736, 1.44866489e+04
2737, 1.32444331e+04
2738, 1.21765480e+04
2739, 1.76779576e+04
2740, 2.17730608e+04
2741, 9.13127820e+03
2742, 1.33155558e+04
2743, 1.24183928e+04
2744, 1.24055599e+04
2745, 2.00826938e+04
2746, 1.00353180e+04
2747, 1.07215484e+04
2748, 1.23557834e+04
2749, 7.04031762e+03
2750, 1.22389080e+04
2751, 1.24183928e+04
2752, 1.18377895e+04
2753, 1.24183928e+04
2754, 8.24301165e+05
2755, 8.24275014e+05
2756, 8.24403558e+05
2757, 8.24323727e+05
2758, 9.55113384e+04
2759, 8.24301165e+05
2760, 8.24641629e+05
2761, 8.24301165e+05
2762, 8.24222822e+05
2763, 8.24301165e+05
2764, 8.24306900e+05
2765, 8.24301165e+05
2766, 8.24528064e+05
2767, 3.45091050e+05
2768, 8.24416574e+05
2769, 8.24301165e+05
2770, 8.24593260e+05
2771, 7.42975048e+03
2772, 8.01105736e+03
2773, 8.54872861e+03
2774, 9.32063507e+04
2775, 1.17843121e+04
2776, 6.65683948e+03
2777, 7.21199941e+03
2778, 7.41479238e+03
2779, 8.27441966e+03
2780, 6.90860895e+03
2781, 8.16836000e+03
2782, 6.90336979e+03
2783, 2.98599407e+04
2784, 7.33774820e+03
2785, 7.27448785e+03
2786, 6.96129763e+03
2787, 7.27448785e+03
2788, 7.64228963e+03
2789, 7.87661501e+03
2790, 7.67406673e+03
2791, 7.36931144e+03
2792, 8.10572894e+03
2793, 4.99320694e+04
2794, 7.89218583e+03
2795, 7.64228963e+03
2796, 7.87630326e+03
2797, 9.54981939e+03
2798, 6.33389909e+03
2799, 6.26231185e+03
2800, 7.59377257e+03
2801, 6.31112220e+03
2802, 7.64228963e+03
2803, 7.64228963e+03
2804, 7.47947633e+03
2805, 1.54057088e+04
2806, 1.60948757e+04
2807, 1.61822502e+04
2808, 2.60582690e+04
2809, 2.83930254e+04
2810, 1.54940756e+04
2811, 1.57894672e+04
2812, 1.65366420e+04
2813, 1.21478167e+04
2814, 2.06053452e+04
2815, 2.70477970e+04
2816, 1.61831761e+04
2817, 1.85265890e+04
2818, 1.58581543e+04
2819, 1.57247794e+04
2820, 1.50913018e+04
2821, 1.57894672e+04
2822, 5.96255573e+03
2823, 5.97278696e+03
2824, 5.92233876e+03
2825, 5.87944666e+03
2826, 1.97657752e+04
2827, 7.87710366e+04
2828, 6.08057152e+03
2829, 5.86876369e+03
2830, 6.15385975e+03
2831, 6.81219885e+03
2832, 6.08866574e+03
2833, 6.48551662e+03
2834, 5.73006215e+03
2835, 6.23353125e+03
2836, 6.04004359e+03
2837, 5.87500477e+03
2838, 5.75217403e+03
2839, 5.83912470e+03
2840, 5.86453929e+03
2841, 5.86599828e+03
2842, 9.93108723e+04
2843, 2.38119649e+04
2844, 6.27751902e+03
2845, 5.88542828e+03
2846, 7.12121040e+03
2847, 6.99418873e+03
2848, 6.12190915e+03
2849, 6.77396046e+03
2850, 5.79396113e+03
2851, 5.56790860e+03
2852, 5.82252177e+03
2853, 6.01896354e+03
2854, 5.66733424e+03
2855, 5.91626174e+03
2856, 4.01116647e+04
2857, 3.89290865e+04
2858, 4.20135334e+04
2859, 5.01818577e+04
2860, 4.59453252e+04
2861, 1.06996705e+04
2862, 3.95177199e+04
2863, 4.01116647e+04
2864, 3.90300407e+04
2865, 5.53292488e+04
2866, 3.62396493e+04
2867, 2.49458076e+04
2868, 2.97531179e+04
2869, 3.52489813e+04
2870, 4.01116647e+04
2871, 4.01116647e+04
2872, 4.01116647e+04
2873, 1.00983214e+04
2874, 1.02834868e+04
2875, 6.90834120e+03
2876, 8.42733412e+03
2877, 3.36394061e+04
2878, 9.98572282e+03
2879, 1.02088507e+04
2880, 9.98278089e+03
2881, 6.80446841e+03
2882, 1.10051925e+04
2883, 1.68682761e+04
2884, 1.26352569e+04
2885, 1.22610159e+04
2886, 1.02088507e+04
2887, 1.02088507e+04
2888, 1.00880238e+04
2889, 1.02088507e+04
2890, 5.94380058e+03
2891, 6.06331072e+03
2892, 6.65630840e+03
2893, 5.71961439e+03
2894, 7.63335294e+03
2895, 6.05896106e+04
2896, 5.87715736e+03
2897, 5.94380058e+03
2898, 5.87715736e+03
2899, 5.69782078e+03
2900, 6.77346206e+03
2901, 6.64136845e+03
2902, 6.09487254e+03
2903, 5.82993385e+03
2904, 5.94380058e+03
2905, 5.94380058e+03
2906, 5.94380058e+03
2907, 5.40620368e+04
2908, 4.58375357e+04
2909, 4.41218075e+04
2910, 9.82533707e+04
2911, 6.19521129e+03
2912, 4.99242638e+04
2913, 5.09948019e+04
2914, 4.93664756e+04
2915, 4.62298897e+04
2916, 6.01060080e+04
2917, 5.99455621e+04
2918, 5.52218019e+04
2919, 3.15454812e+04
2920, 5.09948019e+04
2921, 5.09948019e+04
2922, 5.03708988e+04
2923, 5.09948019e+04
2924, 3.04755671e+04
2925, 2.98469784e+04
2926, 2.58505935e+04
2927, 3.46852642e+04
2928, 1.08208915e+05
2929, 1.69101002e+04
2930, 2.59491544e+04
2931, 3.04755671e+04
2932, 2.73388531e+04
2933, 3.43432513e+04
2934, 2.48030697e+04
2935, 2.57788501e+04
2936, 2.18769734e+04
2937, 4.44625151e+04
2938, 3.05899557e+04
2939, 3.04755671e+04
2940, 3.04755671e+04
2941, 1.51166340e+04
2942, 1.23465286e+04
2943, 1.73651881e+04
2944, 2.70974160e+04
2945, 1.27663780e+05
2946, 1.22825315e+04
2947, 1.55351019e+04
2948, 1.66591896e+04
2949, 1.69308104e+04
2950, 1.19984270e+04
2951, 1.32279213e+04
2952, 1.12248918e+04
2953, 1.89347610e+04
2954, 1.59323774e+04
2955, 1.59323774e+04
2956, 1.55351019e+04
2957, 1.55351019e+04
2958, 2.32745684e+04
2959, 2.19969273e+04
2960, 2.20656145e+04
2961, 1.98538430e+04
2962, 1.08749924e+04
2963, 6.37407946e+03
2964, 2.57166000e+04
2965, 2.32745684e+04
2966, 2.20189796e+04
2967, 2.10941965e+04
2968, 2.10551389e+04
2969, 2.67226249e+04
2970, 2.15238669e+04
2971, 1.92189112e+04
2972, 2.32745684e+04
2973, 2.32745684e+04
2974, 2.32745684e+04
2975, 6.93965924e+04
2976, 7.03026042e+04
2977, 6.46497177e+04
2978, 1.91365619e+04
2979, 7.99665710e+03
2980, 8.17376573e+04
2981, 7.33722916e+04
2982, 6.53908968e+04
2983, 6.75773041e+04
2984, 6.85685358e+04
2985, 8.33901326e+04
2986, 6.61675571e+04
2987, 4.69576539e+04
2988, 7.33722916e+04
2989, 7.42359935e+04
2990, 7.33722916e+04
2991, 7.33722916e+04
2992, 1.08520681e+04
2993, 1.07753402e+04
2994, 1.20643406e+04
2995, 9.97808693e+03
2996, 1.08520681e+04
2997, 9.95621589e+03
2998, 1.12991781e+04
2999, 1.13229090e+04
3000, 1.15260437e+04
3001, 1.06401203e+04
3002, 1.02312920e+04
3003, 1.44229855e+04
3004, 1.14464451e+04
3005, 6.99578284e+03
3006, 1.13562727e+04
3007, 1.09783123e+04
3008, 1.11912480e+04
3009, 6.63740435e+03
3010, 6.42908411e+03
3011, 6.64409273e+03
3012, 6.61131109e+03
3013, 6.86752384e+03
3014, 7.00323383e+03
3015, 6.79856755e+03
3016, 6.66113309e+03
3017, 6.58817292e+03
3018, 6.85516251e+03
3019, 6.84304618e+03
3020, 7.23905488e+03
3021, 1.18314871e+04
3022, 6.80668479e+03
3023, 6.61131109e+03
3024, 6.70092246e+03
3025, 6.61131109e+03
3026, 6.94130195e+03
3027, 6.91186353e+03
3028, 6.95746124e+03
3029, 6.18290818e+03
3030, 6.94130195e+03
3031, 6.62754546e+03
3032, 7.08436156e+03
3033, 6.85839672e+03
3034, 6.64669965e+03
3035, 6.80168833e+03
3036, 6.73102493e+03
3037, 8.46482648e+03
3038, 7.31291983e+03
3039, 2.26469370e+04
3040, 6.91282936e+03
3041, 6.91282936e+03
3042, 6.82271117e+03
3043, 2.39526873e+04
3044, 2.21254783e+04
3045, 2.54496145e+04
3046, 2.35359171e+04
3047, 2.64736523e+04
3048, 2.50666631e+04
3049, 2.37071970e+04
3050, 2.25001205e+04
3051, 2.40372013e+04
3052, 2.52144434e+04
3053, 1.83376635e+04
3054, 2.12547052e+04
3055, 6.23962924e+03
3056, 2.35359171e+04
3057, 2.35359171e+04
3058, 2.40099808e+04
3059, 2.35359171e+04
3060, 3.71744022e+05
3061, 3.73141360e+05
3062, 3.74495240e+05
3063, 3.41774165e+05
3064, 3.71744022e+05
3065, 5.87805664e+03
3066, 3.66714718e+05
3067, 3.70419080e+05
3068, 3.66347032e+05
3069, 3.74356496e+05
3070, 3.67866285e+05
3071, 3.94307498e+05
3072, 3.76105224e+05
3073, 8.23672668e+05
3074, 3.71744022e+05
3075, 3.71744022e+05
3076, 3.70539705e+05
3077, 4.47436589e+04
3078, 4.42036811e+04
3079, 6.63946186e+04
3080, 4.52026378e+04
3081, 8.23617698e+05
3082, 4.68182028e+04
3083, 4.50763520e+04
3084, 4.74400418e+04
3085, 3.46334515e+04
3086, 4.82029738e+04
3087, 2.78863411e+04
3088, 4.10069302e+04
3089, 7.76970718e+03
3090, 4.50763520e+04
3091, 4.50531902e+04
3092, 4.58885127e+04
3093, 4.52026378e+04
3094, 9.15723901e+03
3095, 9.32107056e+03
3096, 9.59720455e+03
3097, 1.05502257e+04
3098, 9.15723901e+03
3099, 4.84292949e+05
3100, 8.46149094e+03
3101, 9.26723110e+03
3102, 1.27641751e+04
3103, 7.12441084e+03
3104, 8.33506327e+03
3105, 6.92076218e+03
3106, 1.13040375e+04
3107, 9.16728251e+03
3108, 9.37855368e+03
3109, 9.37855368e+03
3110, 8.53592036e+03
3111, 3.51288980e+04
3112, 3.45669475e+04
3113, 3.39250492e+04
3114, 3.63593961e+04
3115, 1.48737383e+04
3116, 4.02970878e+04
3117, 3.63593961e+04
3118, 2.96907100e+04
3119, 4.65815544e+04
3120, 3.91001354e+04
3121, 4.65021561e+04
3122, 3.19263667e+04
3123, 4.83720319e+05
3124, 3.63593961e+04
3125, 3.63593961e+04
3126, 3.78123898e+04
3127, 3.63593961e+04
3128, 4.67884181e+04
3129, 4.69094162e+04
3130, 4.70621593e+04
3131, 4.39177597e+04
3132, 3.56821305e+04
3133, 6.86028019e+04
3134, 4.62475749e+04
3135, 4.67884181e+04
3136, 4.67884181e+04
3137, 4.67884181e+04
3138, 4.75971224e+04
3139, 3.37209319e+04
3140, 5.32421293e+04
3141, 2.70900770e+04
3142, 4.84815208e+04
3143, 4.84815208e+04
3144, 4.55860434e+04
3145, 2.30090142e+04
3146, 2.28743574e+04
3147, 2.56520317e+04
3148, 3.23062328e+04
3149, 1.02531393e+04
3150, 2.43883244e+04
3151, 2.27372403e+04
3152, 2.29348297e+04
3153, 2.35464655e+04
3154, 2.30090142e+04
3155, 3.43283651e+04
3156, 2.06123509e+04
3157, 4.03637768e+04
3158, 2.29913992e+04
3159, 2.29913992e+04
3160, 2.47297623e+04
3161, 2.30090142e+04
3162, 3.96249726e+05
3163, 3.96249726e+05
3164, 4.14222019e+05
3165, 3.94848692e+05
3166, 1.44616928e+04
3167, 6.03562750e+04
3168, 4.02083109e+05
3169, 3.96338049e+05
3170, 3.97666910e+05
3171, 3.96249726e+05
3172, 3.96249726e+05
3173, 3.81769086e+05
3174, 4.05619007e+05
3175, 3.23971359e+04
3176, 3.96234699e+05
3177, 3.96234699e+05
3178, 3.96149494e+05
3179, 1.50714911e+04
3180, 1.83067493e+04
3181, 1.67741586e+04
3182, 8.28334972e+03
3183, 6.76477972e+03
3184, 1.56769946e+04
3185, 1.50714911e+04
3186, 1.49918878e+04
3187, 1.53485038e+04
3188, 1.46443135e+04
3189, 1.12446433e+04
3190, 1.78889018e+04
3191, 6.02079597e+03
3192, 1.44304131e+04
3193, 1.44304131e+04
3194, 1.44573152e+04
3195, 1.49918878e+04
3196, 1.65425535e+04
3197, 1.65229180e+04
3198, 1.81024109e+04
3199, 1.03488826e+04
3200, 6.13641819e+03
3201, 2.94670291e+04
3202, 1.70191332e+04
3203, 1.64179953e+04
3204, 1.65425535e+04
3205, 2.22560635e+04
3206, 1.66890936e+04
3207, 2.19582607e+04
3208, 1.43188212e+04
3209, 1.00525678e+04
3210, 1.57679327e+04
3211, 1.64179953e+04
3212, 1.54471459e+04
3213, 2.79074459e+04
3214, 3.09115203e+04
3215, 1.85020799e+04
3216, 7.85379724e+03
3217, 1.43827344e+05
3218, 3.02627318e+04
3219, 2.92265575e+04
3220, 2.78498358e+04
3221, 3.88277487e+04
3222, 2.84640482e+04
3223, 3.76351894e+04
3224, 2.28556779e+04
3225, 1.12148428e+04
3226, 2.79609447e+04
3227, 2.92265575e+04
3228, 2.56032684e+04
3229, 2.79074459e+04
3230, 2.30066944e+04
3231, 2.28549636e+04
3232, 2.24356047e+04
3233, 2.60673233e+04
3234, 3.13252140e+04
3235, 6.68137759e+04
3236, 2.37399819e+04
3237, 2.27564735e+04
3238, 2.64019736e+04
3239, 1.70551584e+04
3240, 2.30066944e+04
3241, 2.81573329e+04
3242, 2.60959671e+04
3243, 2.49333461e+04
3244, 2.29562424e+04
3245, 2.30066944e+04
3246, 2.33783837e+04
3247, 1.00822882e+04
3248, 9.70057487e+03
3249, 1.28486845e+04
3250, 3.12280198e+04
3251, 4.57788338e+04
3252, 1.05036798e+04
3253, 9.98181761e+03
3254, 1.37895346e+04
3255, 6.95670042e+03
3256, 1.03405122e+04
3257, 1.44034927e+04
3258, 1.36144475e+04
3259, 1.31981773e+04
3260, 1.00822882e+04
3261, 9.94517112e+03
3262, 1.06226342e+04
3263, 1.00822882e+04
3264, 4.43679462e+05
3265, 4.53372304e+05
3266, 4.34422485e+05
3267, 4.45507214e+05
3268, 8.26172242e+05
3269, 1.40265085e+04
3270, 4.28391866e+05
3271, 4.43679462e+05
3272, 4.49362411e+05
3273, 4.47484680e+05
3274, 4.45598376e+05
3275, 4.28262069e+05
3276, 4.41343743e+05
3277, 2.24217393e+04
3278, 4.43656329e+05
3279, 4.43641151e+05
3280, 4.43496820e+05
3281, 3.73801708e+04
3282, 3.38983956e+04
3283, 3.30668366e+04
3284, 3.99027367e+04
3285, 2.42492778e+04
3286, 3.18760602e+04
3287, 3.53206630e+04
3288, 3.57427995e+04
3289, 4.51276439e+04
3290, 3.62684398e+04
3291, 2.85208730e+04
3292, 3.46125231e+04
3293, 1.20484006e+04
3294, 3.53658040e+04
3295, 3.46642908e+04
3296, 3.45275009e+04
3297, 3.53206630e+04
3298, 2.06077132e+04
3299, 2.10263101e+04
3300, 1.73125944e+04
3301, 2.21657785e+04
3302, 1.65479892e+04
3303, 7.58475884e+03
3304, 1.85239245e+04
3305, 2.06005718e+04
3306, 1.94707606e+04
3307, 2.61840650e+04
3308, 1.98859694e+04
3309, 2.67017063e+04
3310, 2.16291416e+04
3311, 1.19450403e+04
3312, 2.04705962e+04
3313, 2.06077132e+04
3314, 2.13205311e+04
3315, 6.53553878e+03
3316, 5.61450052e+03
3317, 6.20110178e+03
3318, 6.16273639e+03
3319, 1.48235081e+04
3320, 5.78626515e+03
3321, 6.25460304e+03
3322, 5.96342782e+03
3323, 7.15383927e+03
3324, 6.14441998e+03
3325, 7.80065572e+03
3326, 6.62974202e+03
3327, 8.69774689e+03
3328, 6.38088883e+03
3329, 6.25460304e+03
3330, 6.29082561e+03
3331, 6.25460304e+03
3332, 6.23396160e+03
3333, 6.07856297e+03
3334, 6.22488955e+03
3335, 8.10366836e+03
3336, 7.70132066e+03
3337, 1.25975060e+04
3338, 7.02570967e+03
3339, 6.14899409e+03
3340, 6.45878407e+03
3341, 6.20284917e+03
3342, 6.11788166e+03
3343, 6.37488675e+03
3344, 6.66808704e+03
3345, 7.29679938e+03
3346, 6.25774542e+03
3347, 6.02270251e+03
3348, 6.09809113e+03
3349, 1.00429608e+04
3350, 8.44793054e+03
3351, 1.70702139e+04
3352, 1.44163949e+04
3353, 6.88823838e+03
3354, 1.34661672e+04
3355, 1.13111668e+04
3356, 1.18411513e+04
3357, 1.14959892e+04
3358, 1.17525983e+04
3359, 8.73573358e+03
3360, 1.37126489e+04
3361, 7.77050712e+03
3362, 1.11788817e+04
3363, 1.12404706e+04
3364, 1.12946885e+04
3365, 1.13111668e+04
3366, 7.91729614e+03
3367, 8.24534309e+03
3368, 8.35513243e+03
3369, 8.40484370e+03
3370, 9.09026405e+03
3371, 1.35687340e+04
3372, 6.18416220e+03
3373, 7.91729614e+03
3374, 6.12495779e+03
3375, 7.86810018e+03
3376, 8.05068884e+03
3377, 1.07223196e+04
3378, 1.04430168e+04
3379, 1.26822489e+05
3380, 7.91729614e+03
3381, 7.91729614e+03
3382, 7.97290149e+03
3383, 5.02910560e+04
3384, 4.98053384e+04
3385, 5.48441482e+04
3386, 3.06284588e+04
3387, 3.61241510e+05
3388, 5.78932357e+04
3389, 5.08383331e+04
3390, 5.89523416e+04
3391, 5.01189789e+04
3392, 4.88875468e+04
3393, 3.17173874e+04
3394, 4.34356347e+04
3395, 7.29815051e+03
3396, 5.11433097e+04
3397, 5.03381461e+04
3398, 5.03087788e+04
3399, 5.08383331e+04
